image_idx,ix,pole_num,kiro_tei,measurement_area,camera_num,image_name,trolley_id,measured_upper_edge,measured_lower_edge,estimated_upper_edge,estimated_lower_edge,estimated_width,estimated_width_std,brightness_center,brightness_mean,brightness_std,estimated_slope,upper_boundary,lower_boundary,estimated_upper_edge_variance,estimated_lower_edge_variance,estimated_slope_variance,trolley_end_reason,mask_edgelog_1,mask_edgelog_2
110,110000,35,38.33437,Musashino_007_IchikawaOhno-FunabashiHoten_up_20240410_day,HD21,2024_0041_HD21_01_00004698.jpg,trolley2,758.0,767.0,757.0,767.0,10.0,,255.0,229.875,43.90625,0.0004997501249375314,,,0.75048828125,0.75048828125,0.001049041748046875,,0.0,0.0
110,110001,35,38.334372,Musashino_007_IchikawaOhno-FunabashiHoten_up_20240410_day,HD21,2024_0041_HD21_01_00004698.jpg,trolley2,758.0,767.0,757.0,767.0,10.0,,255.0,229.625,44.875,0.0012173704635670803,,,0.60205078125,0.60205078125,0.0010976791381835938,,0.0,0.0
110,110002,35,38.334374,Musashino_007_IchikawaOhno-FunabashiHoten_up_20240410_day,HD21,2024_0041_HD21_01_00004698.jpg,trolley2,758.0,767.0,757.0,767.0,10.0,,254.0,228.5,45.90625,0.0020553962910767687,,,0.50439453125,0.50390625,0.0011444091796875,,0.0,0.0
110,110003,35,38.334376,Musashino_007_IchikawaOhno-FunabashiHoten_up_20240410_day,HD21,2024_0041_HD21_01_00004698.jpg,trolley2,758.0,767.0,757.0,767.0,10.0,,253.0,227.25,46.78125,0.002967514378191302,,,0.435546875,0.435546875,0.0011882781982421875,,0.0,0.0
110,110004,35,38.334378,Musashino_007_IchikawaOhno-FunabashiHoten_up_20240410_day,HD21,2024_0041_HD21_01_00004698.jpg,trolley2,758.0,767.0,757.0,767.0,10.0,,253.0,227.0,47.125,0.003925272025483632,,,0.385498046875,0.38525390625,0.0012292861938476562,,0.0,0.0
110,110005,35,38.33438,Musashino_007_IchikawaOhno-FunabashiHoten_up_20240410_day,HD21,2024_0041_HD21_01_00004698.jpg,trolley2,758.0,767.0,757.0,767.0,10.0,,253.0,227.875,46.78125,0.004907056216971607,,,0.347900390625,0.34765625,0.0012664794921875,,0.0,0.0
110,110006,35,38.334382,Musashino_007_IchikawaOhno-FunabashiHoten_up_20240410_day,HD21,2024_0041_HD21_01_00004698.jpg,trolley2,758.0,767.0,757.0,767.0,10.0,,253.0,228.25,46.28125,0.005893860995825987,,,0.3193359375,0.319091796875,0.0012989044189453125,,0.0,0.0
110,110007,35,38.334384,Musashino_007_IchikawaOhno-FunabashiHoten_up_20240410_day,HD21,2024_0041_HD21_01_00004698.jpg,trolley2,758.0,767.0,757.0,767.0,10.0,,254.0,228.25,46.375,0.0068676370254290246,,,0.297119140625,0.297119140625,0.0013275146484375,,0.0,0.0
110,110008,35,38.334386,Musashino_007_IchikawaOhno-FunabashiHoten_up_20240410_day,HD21,2024_0041_HD21_01_00004698.jpg,trolley2,758.0,767.0,757.0,767.0,10.0,,254.0,227.125,50.15625,0.007810816162819357,,,0.280029296875,0.280029296875,0.00135040283203125,,0.0,0.0
110,110009,35,38.334388,Musashino_007_IchikawaOhno-FunabashiHoten_up_20240410_day,HD21,2024_0041_HD21_01_00004698.jpg,trolley2,758.0,767.0,757.0,767.0,10.0,,254.0,226.75,50.75,0.008706445579742194,,,0.266845703125,0.266845703125,0.0013675689697265625,,0.0,0.0
110,110010,35,38.33439,Musashino_007_IchikawaOhno-FunabashiHoten_up_20240410_day,HD21,2024_0041_HD21_01_00004698.jpg,trolley2,758.0,767.0,757.0,767.0,10.0,,254.0,226.125,51.46875,0.009538649243322704,,,0.2568359375,0.256591796875,0.0013790130615234375,,0.0,0.0
110,110011,35,38.334392,Musashino_007_IchikawaOhno-FunabashiHoten_up_20240410_day,HD21,2024_0041_HD21_01_00004698.jpg,trolley2,758.0,767.0,757.0,767.0,10.0,,254.0,225.625,52.59375,0.010293236604371706,,,0.2491455078125,0.2489013671875,0.001384735107421875,,0.0,0.0
110,110012,35,38.334394,Musashino_007_IchikawaOhno-FunabashiHoten_up_20240410_day,HD21,2024_0041_HD21_01_00004698.jpg,trolley2,758.0,767.0,757.0,767.0,10.0,,254.0,225.125,53.53125,0.010958320948324938,,,0.2432861328125,0.2430419921875,0.001384735107421875,,0.0,0.0
110,110013,35,38.334396,Musashino_007_IchikawaOhno-FunabashiHoten_up_20240410_day,HD21,2024_0041_HD21_01_00004698.jpg,trolley2,758.0,767.0,757.0,767.0,10.0,,254.0,224.625,54.28125,0.011524837977788676,,,0.23876953125,0.2386474609375,0.0013790130615234375,,0.0,0.0
110,110014,35,38.334398,Musashino_007_IchikawaOhno-FunabashiHoten_up_20240410_day,HD21,2024_0041_HD21_01_00004698.jpg,trolley2,758.0,767.0,757.0,767.0,10.0,,254.0,223.875,55.59375,0.011986885331856012,,,0.2354736328125,0.2352294921875,0.001369476318359375,,0.0,0.0
110,110015,35,38.3344,Musashino_007_IchikawaOhno-FunabashiHoten_up_20240410_day,HD21,2024_0041_HD21_01_00004698.jpg,trolley2,758.0,767.0,757.0,767.0,10.0,,254.0,223.25,56.1875,0.01234183926033907,,,0.23291015625,0.232666015625,0.0013551712036132812,,0.0,0.0
110,110016,35,38.334402,Musashino_007_IchikawaOhno-FunabashiHoten_up_20240410_day,HD21,2024_0041_HD21_01_00004698.jpg,trolley2,758.0,768.0,757.0,768.0,11.0,,255.0,215.125,58.3125,0.015776577337355466,,,0.23095703125,0.230712890625,0.0013370513916015625,,0.0,0.0
110,110017,35,38.334404,Musashino_007_IchikawaOhno-FunabashiHoten_up_20240410_day,HD21,2024_0041_HD21_01_00004698.jpg,trolley2,758.0,768.0,758.0,768.0,10.0,,253.0,227.25,48.34375,0.018814051419849997,,,0.2293701171875,0.2291259765625,0.001316070556640625,,0.0,0.0
110,110018,35,38.334406,Musashino_007_IchikawaOhno-FunabashiHoten_up_20240410_day,HD21,2024_0041_HD21_01_00004698.jpg,trolley2,758.0,768.0,758.0,768.0,10.0,,253.0,227.125,47.6875,0.021447146881262747,,,0.2279052734375,0.2276611328125,0.001293182373046875,,0.0,0.0
110,110019,35,38.334408,Musashino_007_IchikawaOhno-FunabashiHoten_up_20240410_day,HD21,2024_0041_HD21_01_00004698.jpg,trolley2,759.0,768.0,758.0,768.0,10.0,,255.0,224.75,47.96875,0.02700659514302261,,,0.2266845703125,0.2264404296875,0.0012683868408203125,,0.0,0.0
110,110020,35,38.33441,Musashino_007_IchikawaOhno-FunabashiHoten_up_20240410_day,HD21,2024_0041_HD21_01_00004698.jpg,trolley2,759.0,768.0,758.0,768.0,10.0,,255.0,223.0,49.1875,0.03181251816061206,,,0.2254638671875,0.2252197265625,0.00124359130859375,,0.0,0.0
110,110021,35,38.334412,Musashino_007_IchikawaOhno-FunabashiHoten_up_20240410_day,HD21,2024_0041_HD21_01_00004698.jpg,trolley2,759.0,768.0,758.0,768.0,10.0,,253.0,222.875,49.6875,0.035889585020726,,,0.22412109375,0.223876953125,0.0012178421020507812,,0.0,0.0
110,110022,35,38.334414,Musashino_007_IchikawaOhno-FunabashiHoten_up_20240410_day,HD21,2024_0041_HD21_01_00004698.jpg,trolley2,759.0,768.0,758.0,768.0,10.0,,253.0,222.875,49.3125,0.0392745759783568,,,0.2227783203125,0.2225341796875,0.0011920928955078125,,0.0,0.0
110,110023,35,38.334416,Musashino_007_IchikawaOhno-FunabashiHoten_up_20240410_day,HD21,2024_0041_HD21_01_00004698.jpg,trolley2,759.0,768.0,758.0,768.0,10.0,,255.0,222.0,49.1875,0.04201291196360067,,,0.221435546875,0.22119140625,0.0011682510375976562,,0.0,0.0
110,110024,35,38.334418,Musashino_007_IchikawaOhno-FunabashiHoten_up_20240410_day,HD21,2024_0041_HD21_01_00004698.jpg,trolley2,759.0,768.0,758.0,768.0,10.0,,252.0,222.125,50.9375,0.04415549223346577,,,0.2198486328125,0.2196044921875,0.0011444091796875,,0.0,0.0
110,110025,35,38.33442,Musashino_007_IchikawaOhno-FunabashiHoten_up_20240410_day,HD21,2024_0041_HD21_01_00004698.jpg,trolley2,759.0,768.0,758.0,768.0,10.0,,254.0,219.875,52.53125,0.04575598529807421,,,0.21826171875,0.2181396484375,0.00112152099609375,,0.0,0.0
110,110026,35,38.334421999999996,Musashino_007_IchikawaOhno-FunabashiHoten_up_20240410_day,HD21,2024_0041_HD21_01_00004698.jpg,trolley2,759.0,767.0,758.0,768.0,10.0,,255.0,217.5,53.78125,0.04362216539797793,,,0.2166748046875,0.2164306640625,0.0011005401611328125,,0.0,0.0
110,110027,35,38.334424,Musashino_007_IchikawaOhno-FunabashiHoten_up_20240410_day,HD21,2024_0041_HD21_01_00004698.jpg,trolley2,759.0,767.0,758.0,768.0,10.0,,254.0,218.0,53.28125,0.0414640741621948,,,0.21484375,0.2147216796875,0.0010814666748046875,,0.0,0.0
110,110028,35,38.334426,Musashino_007_IchikawaOhno-FunabashiHoten_up_20240410_day,HD21,2024_0041_HD21_01_00004698.jpg,trolley2,759.0,768.0,758.0,768.0,10.0,,253.0,220.125,51.9375,0.04248053357257205,,,0.213134765625,0.212890625,0.0010633468627929688,,0.0,0.0
110,110029,35,38.334428,Musashino_007_IchikawaOhno-FunabashiHoten_up_20240410_day,HD21,2024_0041_HD21_01_00004698.jpg,trolley2,759.0,768.0,758.0,768.0,10.0,,253.0,220.25,51.8125,0.043107476229724294,,,0.2113037109375,0.2110595703125,0.0010461807250976562,,0.0,0.0
110,110030,35,38.33443,Musashino_007_IchikawaOhno-FunabashiHoten_up_20240410_day,HD21,2024_0041_HD21_01_00004698.jpg,trolley2,759.0,767.0,758.0,768.0,10.0,,254.0,217.875,53.71875,0.04028363403504214,,,0.20947265625,0.2093505859375,0.0010309219360351562,,0.0,0.0
110,110031,35,38.334432,Musashino_007_IchikawaOhno-FunabashiHoten_up_20240410_day,HD21,2024_0041_HD21_01_00004698.jpg,trolley2,759.0,767.0,758.0,768.0,10.0,,255.0,214.5,55.53125,0.03755085372499205,,,0.2076416015625,0.20751953125,0.0010175704956054688,,0.0,0.0
110,110032,35,38.334434,Musashino_007_IchikawaOhno-FunabashiHoten_up_20240410_day,HD21,2024_0041_HD21_01_00004698.jpg,trolley2,759.0,767.0,758.0,768.0,10.0,,255.0,213.875,55.75,0.034915866068831035,,,0.205810546875,0.2056884765625,0.0010051727294921875,,0.0,0.0
110,110033,35,38.334436,Musashino_007_IchikawaOhno-FunabashiHoten_up_20240410_day,HD21,2024_0041_HD21_01_00004698.jpg,trolley2,759.0,767.0,758.0,768.0,10.0,,249.0,215.25,55.84375,0.03238326234178336,,,0.2041015625,0.203857421875,0.0009946823120117188,,0.0,0.0
110,110034,35,38.334438,Musashino_007_IchikawaOhno-FunabashiHoten_up_20240410_day,HD21,2024_0041_HD21_01_00004698.jpg,trolley2,760.0,767.0,758.0,768.0,10.0,,254.0,209.875,56.53125,0.03293324123440655,,,0.2022705078125,0.2021484375,0.0009851455688476562,,0.0,0.0
110,110035,35,38.33444,Musashino_007_IchikawaOhno-FunabashiHoten_up_20240410_day,HD21,2024_0041_HD21_01_00004698.jpg,trolley2,760.0,767.0,759.0,768.0,9.0,,249.0,221.75,43.84375,0.03322476246206038,,,0.2005615234375,0.200439453125,0.0009760856628417969,,0.0,0.0
110,110036,35,38.334442,Musashino_007_IchikawaOhno-FunabashiHoten_up_20240410_day,HD21,2024_0041_HD21_01_00004698.jpg,trolley2,760.0,768.0,759.0,768.0,9.0,,255.0,221.25,47.40625,0.036211311405522834,,,0.198974609375,0.19873046875,0.00096893310546875,,0.0,0.0
110,110037,35,38.334444,Musashino_007_IchikawaOhno-FunabashiHoten_up_20240410_day,HD21,2024_0041_HD21_01_00004698.jpg,trolley2,760.0,768.0,759.0,769.0,10.0,,252.0,213.125,51.59375,0.03864530921020496,,,0.1973876953125,0.1971435546875,0.0009622573852539062,,0.0,0.0
110,110038,35,38.334446,Musashino_007_IchikawaOhno-FunabashiHoten_up_20240410_day,HD21,2024_0041_HD21_01_00004698.jpg,trolley2,760.0,768.0,759.0,769.0,10.0,,252.0,212.375,54.0625,0.0405802547179887,,,0.19580078125,0.1956787109375,0.0009570121765136719,,0.0,0.0
110,110039,35,38.334448,Musashino_007_IchikawaOhno-FunabashiHoten_up_20240410_day,HD21,2024_0041_HD21_01_00004698.jpg,trolley2,760.0,768.0,759.0,769.0,10.0,,253.0,207.625,54.78125,0.042065353555717715,,,0.1943359375,0.1942138671875,0.0009522438049316406,,0.0,0.0
110,110040,35,38.33445,Musashino_007_IchikawaOhno-FunabashiHoten_up_20240410_day,HD21,2024_0041_HD21_01_00004698.jpg,trolley2,760.0,768.0,759.0,769.0,10.0,,253.0,214.625,52.90625,0.04314579702690587,,,0.1929931640625,0.1927490234375,0.0009479522705078125,,0.0,0.0
110,110041,35,38.334452,Musashino_007_IchikawaOhno-FunabashiHoten_up_20240410_day,HD21,2024_0041_HD21_01_00004698.jpg,trolley2,760.0,768.0,759.0,769.0,10.0,,254.0,215.5,54.09375,0.04386305960038035,,,0.191650390625,0.19140625,0.0009446144104003906,,0.0,0.0
110,110042,35,38.334454,Musashino_007_IchikawaOhno-FunabashiHoten_up_20240410_day,HD21,2024_0041_HD21_01_00004698.jpg,trolley2,760.0,768.0,759.0,769.0,10.0,,254.0,215.5,54.46875,0.04425519859088817,,,0.1903076171875,0.190185546875,0.0009417533874511719,,0.0,0.0
110,110043,35,38.334456,Musashino_007_IchikawaOhno-FunabashiHoten_up_20240410_day,HD21,2024_0041_HD21_01_00004698.jpg,trolley2,760.0,768.0,759.0,769.0,10.0,,253.0,213.75,55.75,0.04435714476127943,,,0.189208984375,0.18896484375,0.0009393692016601562,,0.0,0.0
110,110044,35,38.334458,Musashino_007_IchikawaOhno-FunabashiHoten_up_20240410_day,HD21,2024_0041_HD21_01_00004698.jpg,trolley2,760.0,768.0,759.0,769.0,10.0,,253.0,212.875,56.09375,0.044200976530463745,,,0.18798828125,0.1878662109375,0.0009374618530273438,,0.0,0.0
110,110045,35,38.33446,Musashino_007_IchikawaOhno-FunabashiHoten_up_20240410_day,HD21,2024_0041_HD21_01_00004698.jpg,trolley2,760.0,768.0,759.0,769.0,10.0,,255.0,213.875,55.53125,0.04381617345823693,,,0.18701171875,0.186767578125,0.0009355545043945312,,0.0,0.0
110,110046,35,38.334462,Musashino_007_IchikawaOhno-FunabashiHoten_up_20240410_day,HD21,2024_0041_HD21_01_00004698.jpg,trolley2,760.0,768.0,759.0,769.0,10.0,,254.0,214.875,55.0625,0.04322984688733505,,,0.18603515625,0.185791015625,0.000934600830078125,,0.0,0.0
110,110047,35,38.334464,Musashino_007_IchikawaOhno-FunabashiHoten_up_20240410_day,HD21,2024_0041_HD21_01_00004698.jpg,trolley2,760.0,768.0,759.0,769.0,10.0,,252.0,215.875,53.875,0.04246694721748721,,,0.18505859375,0.1849365234375,0.0009336471557617188,,0.0,0.0
110,110048,35,38.334466,Musashino_007_IchikawaOhno-FunabashiHoten_up_20240410_day,HD21,2024_0041_HD21_01_00004698.jpg,trolley2,760.0,768.0,759.0,769.0,10.0,,255.0,215.875,54.65625,0.0415504484010393,,,0.1842041015625,0.1839599609375,0.0009326934814453125,,0.0,0.0
110,110049,35,38.334468,Musashino_007_IchikawaOhno-FunabashiHoten_up_20240410_day,HD21,2024_0041_HD21_01_00004698.jpg,trolley2,760.0,768.0,759.0,769.0,10.0,0.2466096643090295,254.0,216.5,54.71875,0.04050151099488662,,,0.183349609375,0.1832275390625,0.0009322166442871094,,0.0,0.0
110,110050,35,38.33447,Musashino_007_IchikawaOhno-FunabashiHoten_up_20240410_day,HD21,2024_0041_HD21_01_00004698.jpg,trolley2,760.0,768.0,759.0,769.0,10.0,0.24414717515722945,253.0,215.5,55.0625,0.03933962556705594,,,0.1826171875,0.182373046875,0.0009317398071289062,,0.0,0.0
110,110051,35,38.334472,Musashino_007_IchikawaOhno-FunabashiHoten_up_20240410_day,HD21,2024_0041_HD21_01_00004698.jpg,trolley2,760.0,768.0,759.0,769.0,10.0,0.2417570174892117,255.0,214.875,56.1875,0.03808273850809294,,,0.181884765625,0.181640625,0.0009312629699707031,,0.0,0.0
110,110052,35,38.334474,Musashino_007_IchikawaOhno-FunabashiHoten_up_20240410_day,HD21,2024_0041_HD21_01_00004698.jpg,trolley2,760.0,768.0,759.0,769.0,10.0,0.23943571786565246,255.0,216.25,56.40625,0.03674736239239587,,,0.18115234375,0.1810302734375,0.0009312629699707031,,0.0,0.0
110,110053,35,38.334476,Musashino_007_IchikawaOhno-FunabashiHoten_up_20240410_day,HD21,2024_0041_HD21_01_00004698.jpg,trolley2,760.0,769.0,759.0,769.0,10.0,0.23718003199072699,255.0,217.125,55.375,0.038086267879835566,,,0.1805419921875,0.180419921875,0.0009312629699707031,,0.0,0.0
110,110054,35,38.334478,Musashino_007_IchikawaOhno-FunabashiHoten_up_20240410_day,HD21,2024_0041_HD21_01_00004698.jpg,trolley2,760.0,769.0,760.0,769.0,9.0,0.26967994498529674,251.0,225.875,44.0625,0.039078884701964994,,,0.179931640625,0.1798095703125,0.0009312629699707031,,0.0,0.0
110,110055,35,38.33448,Musashino_007_IchikawaOhno-FunabashiHoten_up_20240410_day,HD21,2024_0041_HD21_01_00004698.jpg,trolley2,761.0,768.0,760.0,769.0,9.0,0.2966260490702273,249.0,221.5,46.875,0.03975576951664845,,,0.1793212890625,0.17919921875,0.0009312629699707031,,0.0,0.0
110,110056,35,38.334482,Musashino_007_IchikawaOhno-FunabashiHoten_up_20240410_day,HD21,2024_0041_HD21_01_00004698.jpg,trolley2,760.0,769.0,760.0,769.0,9.0,0.3195783562986334,255.0,225.375,46.0,0.0401458625204494,,,0.1788330078125,0.1787109375,0.0009312629699707031,,0.0,0.0
110,110057,35,38.334484,Musashino_007_IchikawaOhno-FunabashiHoten_up_20240410_day,HD21,2024_0041_HD21_01_00004698.jpg,trolley2,761.0,769.0,760.0,769.0,9.0,0.3394775531230454,254.0,224.875,46.4375,0.04300993339224058,,,0.1783447265625,0.17822265625,0.0009312629699707031,,0.0,0.0
110,110058,35,38.334486,Musashino_007_IchikawaOhno-FunabashiHoten_up_20240410_day,HD21,2024_0041_HD21_01_00004698.jpg,trolley2,760.0,769.0,760.0,769.0,9.0,0.3569465938144928,254.0,227.375,45.6875,0.0426130247005037,,,0.1778564453125,0.177734375,0.0009312629699707031,,0.0,0.0
110,110059,35,38.334488,Musashino_007_IchikawaOhno-FunabashiHoten_up_20240410_day,HD21,2024_0041_HD21_01_00004698.jpg,trolley2,760.0,769.0,760.0,769.0,9.0,0.3724252474950528,254.0,230.25,44.15625,0.04202373508527105,,,0.177490234375,0.1773681640625,0.0009312629699707031,,0.0,0.0
110,110060,35,38.33449,Musashino_007_IchikawaOhno-FunabashiHoten_up_20240410_day,HD21,2024_0041_HD21_01_00004698.jpg,trolley2,760.0,769.0,760.0,769.0,9.0,0.3862386928686099,253.0,230.875,43.0625,0.04126487852100951,,,0.177001953125,0.1768798828125,0.0009312629699707031,,0.0,0.0
110,110061,35,38.334492,Musashino_007_IchikawaOhno-FunabashiHoten_up_20240410_day,HD21,2024_0041_HD21_01_00004698.jpg,trolley2,761.0,769.0,760.0,769.0,9.0,0.3986359608673914,255.0,222.75,48.5625,0.0430908962243486,,,0.1766357421875,0.176513671875,0.0009317398071289062,,0.0,0.0
110,110062,35,38.334494,Musashino_007_IchikawaOhno-FunabashiHoten_up_20240410_day,HD21,2024_0041_HD21_01_00004698.jpg,trolley2,761.0,769.0,760.0,770.0,10.0,0.3958308068477863,255.0,216.25,54.25,0.044495266070951514,,,0.17626953125,0.1761474609375,0.0009317398071289062,,0.0,0.0
110,110063,35,38.334496,Musashino_007_IchikawaOhno-FunabashiHoten_up_20240410_day,HD21,2024_0041_HD21_01_00004698.jpg,trolley2,761.0,769.0,760.0,770.0,10.0,0.3930825471690251,255.0,214.625,54.375,0.04551331513542397,,,0.1759033203125,0.17578125,0.0009317398071289062,,0.0,0.0
110,110064,35,38.334497999999996,Musashino_007_IchikawaOhno-FunabashiHoten_up_20240410_day,HD21,2024_0041_HD21_01_00004698.jpg,trolley2,761.0,769.0,760.0,770.0,10.0,0.39038935199854785,253.0,217.0,53.375,0.046178834363934794,,,0.175537109375,0.1754150390625,0.0009317398071289062,,0.0,0.0
110,110065,35,38.3345,Musashino_007_IchikawaOhno-FunabashiHoten_up_20240410_day,HD21,2024_0041_HD21_01_00004698.jpg,trolley2,761.0,769.0,760.0,770.0,10.0,0.38774946853561293,254.0,217.125,53.5,0.04652407042886777,,,0.17529296875,0.1751708984375,0.0009317398071289062,,0.0,0.0
110,110066,35,38.334502,Musashino_007_IchikawaOhno-FunabashiHoten_up_20240410_day,HD21,2024_0041_HD21_01_00004698.jpg,trolley2,761.0,769.0,760.0,770.0,10.0,0.3851612172513431,255.0,217.5,53.28125,0.04657972143007348,,,0.1749267578125,0.1748046875,0.0009317398071289062,,0.0,0.0
110,110067,35,38.334504,Musashino_007_IchikawaOhno-FunabashiHoten_up_20240410_day,HD21,2024_0041_HD21_01_00004698.jpg,trolley2,761.0,769.0,760.0,770.0,10.0,0.38262298831258185,255.0,218.25,52.375,0.0463749371233004,,,0.1746826171875,0.174560546875,0.0009317398071289062,,0.0,0.0
110,110068,35,38.334506,Musashino_007_IchikawaOhno-FunabashiHoten_up_20240410_day,HD21,2024_0041_HD21_01_00004698.jpg,trolley2,761.0,769.0,760.0,770.0,10.0,0.3801332381841641,255.0,218.125,52.09375,0.0459373241329294,,,0.17431640625,0.1741943359375,0.0009317398071289062,,0.0,0.0
110,110069,35,38.334508,Musashino_007_IchikawaOhno-FunabashiHoten_up_20240410_day,HD21,2024_0041_HD21_01_00004698.jpg,trolley2,761.0,769.0,760.0,770.0,10.0,0.3776904864034421,255.0,217.125,53.0,0.045292956403692124,,,0.174072265625,0.1739501953125,0.0009317398071289062,,0.0,0.0
110,110070,35,38.33451,Musashino_007_IchikawaOhno-FunabashiHoten_up_20240410_day,HD21,2024_0041_HD21_01_00004698.jpg,trolley2,761.0,769.0,760.0,770.0,10.0,0.3752933125204007,255.0,216.75,53.78125,0.04446639096799967,,,0.173828125,0.1737060546875,0.0009317398071289062,,0.0,0.0
110,110071,35,38.334512,Musashino_007_IchikawaOhno-FunabashiHoten_up_20240410_day,HD21,2024_0041_HD21_01_00004698.jpg,trolley2,761.0,769.0,760.0,770.0,10.0,0.3729403531963972,255.0,216.625,54.3125,0.04348068895353511,,,0.1734619140625,0.1734619140625,0.0009317398071289062,,0.0,0.0
110,110072,35,38.334514,Musashino_007_IchikawaOhno-FunabashiHoten_up_20240410_day,HD21,2024_0041_HD21_01_00004698.jpg,trolley2,761.0,769.0,760.0,770.0,10.0,0.3706302994544134,255.0,215.875,55.03125,0.04235744163013987,,,0.1732177734375,0.173095703125,0.0009317398071289062,,0.0,0.0
110,110073,35,38.334516,Musashino_007_IchikawaOhno-FunabashiHoten_up_20240410_day,HD21,2024_0041_HD21_01_00004698.jpg,trolley2,761.0,769.0,760.0,770.0,10.0,0.36836189407368597,255.0,217.25,53.78125,0.04111680119496917,,,0.1729736328125,0.1728515625,0.0009317398071289062,,0.0,0.0
110,110074,35,38.334518,Musashino_007_IchikawaOhno-FunabashiHoten_up_20240410_day,HD21,2024_0041_HD21_01_00004698.jpg,trolley2,761.0,770.0,761.0,770.0,9.0,0.37966319830099954,255.0,230.5,40.65625,0.04251384933075789,,,0.1727294921875,0.1727294921875,0.0009317398071289062,,0.0,0.0
110,110075,35,38.33452,Musashino_007_IchikawaOhno-FunabashiHoten_up_20240410_day,HD21,2024_0041_HD21_01_00004698.jpg,trolley2,761.0,770.0,761.0,770.0,9.0,0.39000674757995496,255.0,231.25,40.1875,0.04353590273895124,,,0.172607421875,0.1724853515625,0.0009317398071289062,,0.0,0.0
110,110076,35,38.334522,Musashino_007_IchikawaOhno-FunabashiHoten_up_20240410_day,HD21,2024_0041_HD21_01_00004698.jpg,trolley2,761.0,770.0,761.0,770.0,9.0,0.39950413557358383,255.0,230.0,41.375,0.04421555128430839,,,0.17236328125,0.1722412109375,0.0009317398071289062,,0.0,0.0
110,110077,35,38.334524,Musashino_007_IchikawaOhno-FunabashiHoten_up_20240410_day,HD21,2024_0041_HD21_01_00004698.jpg,trolley2,761.0,769.0,761.0,770.0,9.0,0.408248290463863,255.0,228.75,42.5625,0.04184735339553982,,,0.172119140625,0.1719970703125,0.0009317398071289062,,0.0,0.0
110,110078,35,38.334526,Musashino_007_IchikawaOhno-FunabashiHoten_up_20240410_day,HD21,2024_0041_HD21_01_00004698.jpg,trolley2,761.0,770.0,761.0,770.0,9.0,0.4163176077654421,255.0,229.875,42.1875,0.042228073713183385,,,0.171875,0.1717529296875,0.0009317398071289062,,0.0,0.0
110,110079,35,38.334528,Musashino_007_IchikawaOhno-FunabashiHoten_up_20240410_day,HD21,2024_0041_HD21_01_00004698.jpg,trolley2,761.0,770.0,761.0,770.0,9.0,0.42377896077428945,255.0,232.125,41.3125,0.04233886722757405,,,0.171630859375,0.171630859375,0.0009317398071289062,,0.0,0.0
110,110080,35,38.33453,Musashino_007_IchikawaOhno-FunabashiHoten_up_20240410_day,HD21,2024_0041_HD21_01_00004698.jpg,trolley2,761.0,770.0,761.0,770.0,9.0,0.4306899431847624,252.0,232.875,40.5,0.04220663449211947,,,0.1715087890625,0.17138671875,0.0009317398071289062,,0.0,0.0
110,110081,35,38.334532,Musashino_007_IchikawaOhno-FunabashiHoten_up_20240410_day,HD21,2024_0041_HD21_01_00004698.jpg,trolley2,761.0,770.0,761.0,770.0,9.0,0.4371005726021252,253.0,231.75,40.9375,0.04185686925241044,,,0.1712646484375,0.171142578125,0.0009317398071289062,,0.0,0.0
110,110082,35,38.334534,Musashino_007_IchikawaOhno-FunabashiHoten_up_20240410_day,HD21,2024_0041_HD21_01_00004698.jpg,trolley2,761.0,770.0,761.0,770.0,9.0,0.44305460686081755,254.0,233.0,40.40625,0.04131366087896673,,,0.1710205078125,0.1710205078125,0.0009317398071289062,,0.0,0.0
110,110083,35,38.334536,Musashino_007_IchikawaOhno-FunabashiHoten_up_20240410_day,HD21,2024_0041_HD21_01_00004698.jpg,trolley2,761.0,770.0,761.0,770.0,9.0,0.44859057664018415,254.0,234.375,40.28125,0.040599704436547056,,,0.1708984375,0.1707763671875,0.0009317398071289062,,0.0,0.0
110,110084,35,38.334538,Musashino_007_IchikawaOhno-FunabashiHoten_up_20240410_day,HD21,2024_0041_HD21_01_00004698.jpg,trolley2,761.0,770.0,761.0,770.0,9.0,0.45374260648651504,253.0,232.125,42.59375,0.03973631756855673,,,0.170654296875,0.170654296875,0.0009317398071289062,,0.0,0.0
110,110085,35,38.33454,Musashino_007_IchikawaOhno-FunabashiHoten_up_20240410_day,HD21,2024_0041_HD21_01_00004698.jpg,trolley2,762.0,770.0,761.0,770.0,9.0,0.45854107549995626,253.0,228.875,44.59375,0.04147998445159294,,,0.1705322265625,0.17041015625,0.0009317398071289062,,0.0,0.0
110,110086,35,38.334542,Musashino_007_IchikawaOhno-FunabashiHoten_up_20240410_day,HD21,2024_0041_HD21_01_00004698.jpg,trolley2,762.0,770.0,761.0,771.0,10.0,0.4566184413296396,254.0,220.75,51.5,0.042818886457983055,,,0.1702880859375,0.1702880859375,0.0009317398071289062,,0.0,0.0
110,110087,35,38.334544,Musashino_007_IchikawaOhno-FunabashiHoten_up_20240410_day,HD21,2024_0041_HD21_01_00004698.jpg,trolley2,761.0,770.0,761.0,771.0,10.0,0.4547152243044113,255.0,224.125,49.03125,0.04105054008624139,,,0.170166015625,0.1700439453125,0.0009312629699707031,,0.0,0.0
110,110088,35,38.334546,Musashino_007_IchikawaOhno-FunabashiHoten_up_20240410_day,HD21,2024_0041_HD21_01_00004698.jpg,trolley2,761.0,770.0,761.0,771.0,10.0,0.4528312928401491,255.0,221.0,51.84375,0.039237800190445565,,,0.169921875,0.169921875,0.0009312629699707031,,0.0,0.0
110,110089,35,38.334548,Musashino_007_IchikawaOhno-FunabashiHoten_up_20240410_day,HD21,2024_0041_HD21_01_00004698.jpg,trolley2,762.0,770.0,761.0,771.0,10.0,0.45096650265496874,255.0,222.375,49.90625,0.040131429524037386,,,0.1697998046875,0.169677734375,0.0009312629699707031,,0.0,0.0
110,110090,35,38.33455,Musashino_007_IchikawaOhno-FunabashiHoten_up_20240410_day,HD21,2024_0041_HD21_01_00004698.jpg,trolley2,762.0,770.0,761.0,771.0,10.0,0.4491206983756168,255.0,223.75,47.65625,0.04071434307022702,,,0.169677734375,0.1695556640625,0.0009312629699707031,,0.0,0.0
110,110091,35,38.334552,Musashino_007_IchikawaOhno-FunabashiHoten_up_20240410_day,HD21,2024_0041_HD21_01_00004698.jpg,trolley2,762.0,771.0,761.0,771.0,10.0,0.4472937149826407,255.0,223.5,47.5625,0.043751236515237345,,,0.16943359375,0.16943359375,0.0009312629699707031,,0.0,0.0
110,110092,35,38.334554,Musashino_007_IchikawaOhno-FunabashiHoten_up_20240410_day,HD21,2024_0041_HD21_01_00004698.jpg,trolley2,762.0,771.0,761.0,771.0,10.0,0.44548537911069824,255.0,222.875,47.75,0.0462391379396126,,,0.1693115234375,0.169189453125,0.0009312629699707031,,0.0,0.0
110,110093,35,38.334556,Musashino_007_IchikawaOhno-FunabashiHoten_up_20240410_day,HD21,2024_0041_HD21_01_00004698.jpg,trolley2,762.0,771.0,761.0,771.0,10.0,0.4436955102186061,255.0,224.0,47.21875,0.048220403425032324,,,0.169189453125,0.1690673828125,0.0009312629699707031,,0.0,0.0
110,110094,35,38.334558,Musashino_007_IchikawaOhno-FunabashiHoten_up_20240410_day,HD21,2024_0041_HD21_01_00004698.jpg,trolley2,762.0,771.0,761.0,771.0,10.0,0.44192392164217237,254.0,224.25,47.0,0.049735842832450326,,,0.1690673828125,0.1689453125,0.0009312629699707031,,0.0,0.0
110,110095,35,38.33456,Musashino_007_IchikawaOhno-FunabashiHoten_up_20240410_day,HD21,2024_0041_HD21_01_00004698.jpg,trolley2,762.0,771.0,762.0,771.0,9.0,0.4467229605793416,253.0,233.375,36.15625,0.05082465379032705,,,0.1688232421875,0.1688232421875,0.0009312629699707031,,0.0,0.0
110,110096,35,38.334562,Musashino_007_IchikawaOhno-FunabashiHoten_up_20240410_day,HD21,2024_0041_HD21_01_00004698.jpg,trolley2,762.0,771.0,762.0,771.0,9.0,0.4512297058291713,255.0,232.5,39.46875,0.051524371392349014,,,0.168701171875,0.168701171875,0.0009312629699707031,,0.0,0.0
110,110097,35,38.334564,Musashino_007_IchikawaOhno-FunabashiHoten_up_20240410_day,HD21,2024_0041_HD21_01_00004698.jpg,trolley2,762.0,771.0,762.0,771.0,9.0,0.45546451851341635,255.0,232.125,39.875,0.051870832242522646,,,0.1685791015625,0.16845703125,0.0009312629699707031,,0.0,0.0
110,110098,35,38.334566,Musashino_007_IchikawaOhno-FunabashiHoten_up_20240410_day,HD21,2024_0041_HD21_01_00004698.jpg,trolley2,762.0,771.0,762.0,771.0,9.0,0.4594458584042113,255.0,232.25,39.59375,0.05189815155009333,,,0.16845703125,0.1683349609375,0.0009312629699707031,,0.0,0.0
110,110099,35,38.334568,Musashino_007_IchikawaOhno-FunabashiHoten_up_20240410_day,HD21,2024_0041_HD21_01_00004698.jpg,trolley2,762.0,771.0,762.0,771.0,9.0,0.4631905164675273,255.0,233.875,38.125,0.05163871204209654,,,0.1683349609375,0.168212890625,0.0009312629699707031,,0.0,0.0
110,110100,35,38.33457,Musashino_007_IchikawaOhno-FunabashiHoten_up_20240410_day,HD21,2024_0041_HD21_01_00004698.jpg,trolley2,762.0,771.0,762.0,771.0,9.0,0.468287229478799,255.0,235.625,36.90625,0.05112316352679396,,,0.168212890625,0.1680908203125,0.0009312629699707031,,0.0,0.0
110,110101,35,38.334572,Musashino_007_IchikawaOhno-FunabashiHoten_up_20240410_day,HD21,2024_0041_HD21_01_00004698.jpg,trolley2,762.0,771.0,762.0,771.0,9.0,0.47311561360663623,255.0,236.25,36.84375,0.05038043200620507,,,0.1680908203125,0.16796875,0.0009312629699707031,,0.0,0.0
110,110102,35,38.334573999999996,Musashino_007_IchikawaOhno-FunabashiHoten_up_20240410_day,HD21,2024_0041_HD21_01_00004698.jpg,trolley2,762.0,771.0,762.0,771.0,9.0,0.47768380565162377,255.0,235.875,37.71875,0.049437737299967296,,,0.16796875,0.1678466796875,0.0009312629699707031,,0.0,0.0
110,110103,35,38.334576,Musashino_007_IchikawaOhno-FunabashiHoten_up_20240410_day,HD21,2024_0041_HD21_01_00004698.jpg,trolley2,762.0,771.0,762.0,771.0,9.0,0.48199920365414756,255.0,235.375,38.25,0.04832061820551461,,,0.1678466796875,0.167724609375,0.0009312629699707031,,0.0,0.0
110,110104,35,38.334578,Musashino_007_IchikawaOhno-FunabashiHoten_up_20240410_day,HD21,2024_0041_HD21_01_00004698.jpg,trolley2,762.0,771.0,762.0,772.0,10.0,0.48199920365414756,255.0,222.875,52.0625,0.047052964280781664,,,0.167724609375,0.1676025390625,0.0009312629699707031,,0.0,0.0
110,110105,35,38.33458,Musashino_007_IchikawaOhno-FunabashiHoten_up_20240410_day,HD21,2024_0041_HD21_01_00004698.jpg,trolley2,762.0,771.0,762.0,772.0,10.0,0.48199920365414756,255.0,222.125,53.375,0.04565705339515316,,,0.1676025390625,0.16748046875,0.0009312629699707031,,0.0,0.0
110,110106,35,38.334582,Musashino_007_IchikawaOhno-FunabashiHoten_up_20240410_day,HD21,2024_0041_HD21_01_00004698.jpg,trolley2,762.0,771.0,762.0,772.0,10.0,0.48199920365414756,255.0,221.5,53.71875,0.0441535942520267,,,0.16748046875,0.1673583984375,0.0009312629699707031,,0.0,0.0
110,110107,35,38.334584,Musashino_007_IchikawaOhno-FunabashiHoten_up_20240410_day,HD21,2024_0041_HD21_01_00004698.jpg,trolley2,762.0,771.0,762.0,772.0,10.0,0.48199920365414756,255.0,223.125,52.09375,0.042561773142064045,,,0.1673583984375,0.167236328125,0.0009312629699707031,,0.0,0.0
110,110108,35,38.334586,Musashino_007_IchikawaOhno-FunabashiHoten_up_20240410_day,HD21,2024_0041_HD21_01_00004698.jpg,trolley2,762.0,771.0,762.0,772.0,10.0,0.48199920365414756,255.0,225.125,49.5,0.04089930423988751,,,0.167236328125,0.1671142578125,0.0009312629699707031,,0.0,0.0
110,110109,35,38.334588,Musashino_007_IchikawaOhno-FunabashiHoten_up_20240410_day,HD21,2024_0041_HD21_01_00004698.jpg,trolley2,762.0,771.0,762.0,772.0,10.0,0.48199920365414756,255.0,225.875,48.28125,0.03918248280861531,,,0.1671142578125,0.1669921875,0.0009312629699707031,,0.0,0.0
110,110110,35,38.33459,Musashino_007_IchikawaOhno-FunabashiHoten_up_20240410_day,HD21,2024_0041_HD21_01_00004698.jpg,trolley2,762.0,771.0,762.0,772.0,10.0,0.48199920365414756,255.0,224.625,49.28125,0.0374262407261879,,,0.1669921875,0.1668701171875,0.0009312629699707031,,0.0,0.0
110,110111,35,38.334592,Musashino_007_IchikawaOhno-FunabashiHoten_up_20240410_day,HD21,2024_0041_HD21_01_00004698.jpg,trolley2,762.0,771.0,762.0,772.0,10.0,0.48199920365414756,255.0,222.875,51.34375,0.03564420379489947,,,0.1668701171875,0.166748046875,0.0009312629699707031,,0.0,0.0
110,110112,35,38.334594,Musashino_007_IchikawaOhno-FunabashiHoten_up_20240410_day,HD21,2024_0041_HD21_01_00004698.jpg,trolley2,762.0,771.0,762.0,772.0,10.0,0.48199920365414756,254.0,224.75,47.15625,0.03384875034092917,,,0.166748046875,0.166748046875,0.0009312629699707031,,0.0,0.0
110,110113,35,38.334596,Musashino_007_IchikawaOhno-FunabashiHoten_up_20240410_day,HD21,2024_0041_HD21_01_00004698.jpg,trolley2,763.0,771.0,762.0,772.0,10.0,0.48199920365414756,255.0,223.625,48.46875,0.0347867781727142,,,0.1666259765625,0.1666259765625,0.0009312629699707031,,0.0,0.0
110,110114,35,38.334598,Musashino_007_IchikawaOhno-FunabashiHoten_up_20240410_day,HD21,2024_0041_HD21_01_00004698.jpg,trolley2,763.0,771.0,762.0,772.0,10.0,0.48199920365414756,255.0,222.125,49.5,0.03543887936837822,,,0.1666259765625,0.16650390625,0.0009312629699707031,,0.0,0.0
110,110115,35,38.3346,Musashino_007_IchikawaOhno-FunabashiHoten_up_20240410_day,HD21,2024_0041_HD21_01_00004698.jpg,trolley2,763.0,772.0,762.0,772.0,10.0,0.48199920365414756,255.0,224.375,47.0625,0.038566329297799996,,,0.16650390625,0.1663818359375,0.0009312629699707031,,0.0,0.0
110,110116,35,38.334602,Musashino_007_IchikawaOhno-FunabashiHoten_up_20240410_day,HD21,2024_0041_HD21_01_00004698.jpg,trolley2,763.0,772.0,762.0,772.0,10.0,0.4648231987117319,255.0,225.25,46.875,0.04116405249733495,,,0.1663818359375,0.166259765625,0.0009312629699707031,,0.0,0.0
110,110117,35,38.334604,Musashino_007_IchikawaOhno-FunabashiHoten_up_20240410_day,HD21,2024_0041_HD21_01_00004698.jpg,trolley2,763.0,772.0,762.0,772.0,10.0,0.4648231987117319,255.0,225.5,45.78125,0.043271820214052334,,,0.166259765625,0.166259765625,0.0009312629699707031,,0.0,0.0
110,110118,35,38.334606,Musashino_007_IchikawaOhno-FunabashiHoten_up_20240410_day,HD21,2024_0041_HD21_01_00004698.jpg,trolley2,763.0,772.0,762.0,772.0,10.0,0.4648231987117319,255.0,224.0,47.21875,0.04492803105715831,,,0.1661376953125,0.1661376953125,0.0009312629699707031,,0.0,0.0
110,110119,35,38.334608,Musashino_007_IchikawaOhno-FunabashiHoten_up_20240410_day,HD21,2024_0041_HD21_01_00004698.jpg,trolley2,763.0,772.0,762.0,772.0,10.0,0.4648231987117319,255.0,223.5,47.5625,0.046169640885523146,,,0.1661376953125,0.166015625,0.0009312629699707031,,0.0,0.0
110,110120,35,38.33461,Musashino_007_IchikawaOhno-FunabashiHoten_up_20240410_day,HD21,2024_0041_HD21_01_00004698.jpg,trolley2,763.0,772.0,763.0,772.0,9.0,0.4688261722621509,255.0,239.625,29.890625,0.04703210771462535,,,0.166015625,0.1658935546875,0.0009312629699707031,,0.0,0.0
110,110121,35,38.334612,Musashino_007_IchikawaOhno-FunabashiHoten_up_20240410_day,HD21,2024_0041_HD21_01_00004698.jpg,trolley2,763.0,772.0,763.0,772.0,9.0,0.4725815626252611,255.0,238.625,31.09375,0.0475493504162914,,,0.1658935546875,0.1658935546875,0.0009312629699707031,,0.0,0.0
110,110122,35,38.334614,Musashino_007_IchikawaOhno-FunabashiHoten_up_20240410_day,HD21,2024_0041_HD21_01_00004698.jpg,trolley2,763.0,772.0,763.0,772.0,9.0,0.4760952285695236,254.0,237.125,32.375,0.04775372003409112,,,0.165771484375,0.165771484375,0.0009312629699707031,,0.0,0.0
110,110123,35,38.334616,Musashino_007_IchikawaOhno-FunabashiHoten_up_20240410_day,HD21,2024_0041_HD21_01_00004698.jpg,trolley2,763.0,772.0,763.0,772.0,9.0,0.4793724854411025,254.0,237.375,32.53125,0.047675982588051995,,,0.165771484375,0.1656494140625,0.0009312629699707031,,0.0,0.0
110,110124,35,38.334618,Musashino_007_IchikawaOhno-FunabashiHoten_up_20240410_day,HD21,2024_0041_HD21_01_00004698.jpg,trolley2,763.0,772.0,763.0,772.0,9.0,0.48241815132442206,254.0,238.5,32.75,0.04734531229408188,,,0.1656494140625,0.16552734375,0.0009312629699707031,,0.0,0.0
110,110125,35,38.33462,Musashino_007_IchikawaOhno-FunabashiHoten_up_20240410_day,HD21,2024_0041_HD21_01_00004698.jpg,trolley2,763.0,772.0,763.0,772.0,9.0,0.4852365870939101,255.0,237.375,34.21875,0.046789294175797996,,,0.16552734375,0.16552734375,0.0009312629699707031,,0.0,0.0
110,110126,35,38.334622,Musashino_007_IchikawaOhno-FunabashiHoten_up_20240410_day,HD21,2024_0041_HD21_01_00004698.jpg,trolley2,763.0,772.0,763.0,772.0,9.0,0.4878317312145637,255.0,236.125,35.09375,0.04603393509901167,,,0.16552734375,0.1654052734375,0.0009312629699707031,,0.0,0.0
110,110127,35,38.334624,Musashino_007_IchikawaOhno-FunabashiHoten_up_20240410_day,HD21,2024_0041_HD21_01_00004698.jpg,trolley2,763.0,772.0,763.0,772.0,9.0,0.49020713000019767,255.0,237.25,34.875,0.045103682311622,,,0.1654052734375,0.165283203125,0.0009312629699707031,,0.0,0.0
110,110128,35,38.334626,Musashino_007_IchikawaOhno-FunabashiHoten_up_20240410_day,HD21,2024_0041_HD21_01_00004698.jpg,trolley2,763.0,772.0,763.0,773.0,10.0,0.49020713000019767,255.0,227.0,46.9375,0.04402144862384868,,,0.165283203125,0.165283203125,0.0009312629699707031,,0.0,0.0
110,110129,35,38.334628,Musashino_007_IchikawaOhno-FunabashiHoten_up_20240410_day,HD21,2024_0041_HD21_01_00004698.jpg,trolley2,763.0,772.0,763.0,773.0,10.0,0.49020713000019767,255.0,227.375,46.0625,0.042808643415346036,,,0.165283203125,0.1651611328125,0.0009312629699707031,,0.0,0.0
110,110130,35,38.33463,Musashino_007_IchikawaOhno-FunabashiHoten_up_20240410_day,HD21,2024_0041_HD21_01_00004698.jpg,trolley2,763.0,772.0,763.0,773.0,10.0,0.49020713000019767,255.0,227.875,45.6875,0.04148520870655953,,,0.1651611328125,0.1651611328125,0.0009312629699707031,,0.0,0.0
110,110131,35,38.334632,Musashino_007_IchikawaOhno-FunabashiHoten_up_20240410_day,HD21,2024_0041_HD21_01_00004698.jpg,trolley2,763.0,772.0,763.0,773.0,10.0,0.49020713000019767,255.0,228.125,45.96875,0.04006965958152363,,,0.1650390625,0.1650390625,0.0009312629699707031,,0.0,0.0
110,110132,35,38.334634,Musashino_007_IchikawaOhno-FunabashiHoten_up_20240410_day,HD21,2024_0041_HD21_01_00004698.jpg,trolley2,763.0,772.0,763.0,773.0,10.0,0.49020713000019767,255.0,228.0,46.21875,0.03857912829798148,,,0.1650390625,0.1649169921875,0.0009312629699707031,,0.0,0.0
110,110133,35,38.334636,Musashino_007_IchikawaOhno-FunabashiHoten_up_20240410_day,HD21,2024_0041_HD21_01_00004698.jpg,trolley2,763.0,772.0,763.0,773.0,10.0,0.49020713000019767,255.0,229.0,45.125,0.0370294114680825,,,0.1649169921875,0.1649169921875,0.0009312629699707031,,0.0,0.0
110,110134,35,38.334638,Musashino_007_IchikawaOhno-FunabashiHoten_up_20240410_day,HD21,2024_0041_HD21_01_00004698.jpg,trolley2,763.0,773.0,763.0,773.0,10.0,0.49020713000019767,255.0,230.5,43.40625,0.038170729434845285,,,0.1649169921875,0.164794921875,0.0009312629699707031,,0.0,0.0
110,110135,35,38.33464,Musashino_007_IchikawaOhno-FunabashiHoten_up_20240410_day,HD21,2024_0041_HD21_01_00004698.jpg,trolley2,763.0,773.0,763.0,773.0,10.0,0.4878317312145637,255.0,231.625,42.1875,0.03898688987041629,,,0.164794921875,0.164794921875,0.0009312629699707031,,0.0,0.0
110,110136,35,38.334642,Musashino_007_IchikawaOhno-FunabashiHoten_up_20240410_day,HD21,2024_0041_HD21_01_00004698.jpg,trolley2,763.0,772.0,763.0,773.0,10.0,0.4852365870939101,253.0,229.5,43.8125,0.0367708534265989,,,0.164794921875,0.1646728515625,0.0009312629699707031,,0.0,0.0
110,110137,35,38.334644,Musashino_007_IchikawaOhno-FunabashiHoten_up_20240410_day,HD21,2024_0041_HD21_01_00004698.jpg,trolley2,763.0,772.0,763.0,773.0,10.0,0.4852365870939101,255.0,227.875,45.375,0.03457946015514633,,,0.1646728515625,0.16455078125,0.0009312629699707031,,0.0,0.0
110,110138,35,38.334646,Musashino_007_IchikawaOhno-FunabashiHoten_up_20240410_day,HD21,2024_0041_HD21_01_00004698.jpg,trolley2,763.0,772.0,763.0,773.0,10.0,0.4852365870939101,255.0,228.625,44.875,0.03242218878001235,,,0.16455078125,0.16455078125,0.0009312629699707031,,0.0,0.0
110,110139,35,38.334648,Musashino_007_IchikawaOhno-FunabashiHoten_up_20240410_day,HD21,2024_0041_HD21_01_00004698.jpg,trolley2,763.0,773.0,763.0,773.0,10.0,0.4852365870939101,255.0,230.0,43.8125,0.03304307537780874,,,0.16455078125,0.1644287109375,0.0009312629699707031,,0.0,0.0
110,110140,35,38.334649999999996,Musashino_007_IchikawaOhno-FunabashiHoten_up_20240410_day,HD21,2024_0041_HD21_01_00004698.jpg,trolley2,763.0,773.0,763.0,773.0,10.0,0.4852365870939101,255.0,229.875,43.09375,0.03341989606811986,,,0.1644287109375,0.1644287109375,0.0009312629699707031,,0.0,0.0
110,110141,35,38.334652,Musashino_007_IchikawaOhno-FunabashiHoten_up_20240410_day,HD21,2024_0041_HD21_01_00004698.jpg,trolley2,763.0,773.0,763.0,773.0,10.0,0.4852365870939101,254.0,232.625,42.6875,0.03357546139647818,,,0.1644287109375,0.164306640625,0.0009312629699707031,,0.0,0.0
110,110142,35,38.334654,Musashino_007_IchikawaOhno-FunabashiHoten_up_20240410_day,HD21,2024_0041_HD21_01_00004698.jpg,trolley2,763.0,773.0,763.0,773.0,10.0,0.4852365870939101,253.0,232.125,43.8125,0.033531467915451356,,,0.164306640625,0.164306640625,0.0009312629699707031,,0.0,0.0
110,110143,35,38.334656,Musashino_007_IchikawaOhno-FunabashiHoten_up_20240410_day,HD21,2024_0041_HD21_01_00004698.jpg,trolley2,763.0,773.0,763.0,773.0,10.0,0.4852365870939101,255.0,228.0,45.3125,0.033308492996716996,,,0.164306640625,0.1641845703125,0.0009312629699707031,,0.0,0.0
110,110144,35,38.334658,Musashino_007_IchikawaOhno-FunabashiHoten_up_20240410_day,HD21,2024_0041_HD21_01_00004698.jpg,trolley2,763.0,773.0,763.0,773.0,10.0,0.4852365870939101,255.0,233.0,43.03125,0.03292599629567546,,,0.1641845703125,0.1641845703125,0.0009312629699707031,,0.0,0.0
110,110145,35,38.33466,Musashino_007_IchikawaOhno-FunabashiHoten_up_20240410_day,HD21,2024_0041_HD21_01_00004698.jpg,trolley2,763.0,773.0,763.0,773.0,10.0,0.4852365870939101,255.0,231.375,44.625,0.03240232718263128,,,0.1641845703125,0.1640625,0.0009312629699707031,,0.0,0.0
110,110146,35,38.334662,Musashino_007_IchikawaOhno-FunabashiHoten_up_20240410_day,HD21,2024_0041_HD21_01_00004698.jpg,trolley2,764.0,773.0,763.0,773.0,10.0,0.4852365870939101,255.0,230.125,45.71875,0.03449044700130472,,,0.1640625,0.1640625,0.0009312629699707031,,0.0,0.0
110,110147,35,38.334664,Musashino_007_IchikawaOhno-FunabashiHoten_up_20240410_day,HD21,2024_0041_HD21_01_00004698.jpg,trolley2,764.0,773.0,763.0,773.0,10.0,0.4852365870939101,255.0,230.375,45.4375,0.03617705878748829,,,0.1640625,0.1639404296875,0.0009312629699707031,,0.0,0.0
110,110148,35,38.334666,Musashino_007_IchikawaOhno-FunabashiHoten_up_20240410_day,HD21,2024_0041_HD21_01_00004698.jpg,trolley2,764.0,773.0,763.0,773.0,10.0,0.4852365870939101,255.0,230.375,45.28125,0.03749385131648784,,,0.1639404296875,0.1639404296875,0.0009312629699707031,,0.0,0.0
110,110149,35,38.334668,Musashino_007_IchikawaOhno-FunabashiHoten_up_20240410_day,HD21,2024_0041_HD21_01_00004698.jpg,trolley2,764.0,773.0,763.0,773.0,10.0,0.4852365870939101,255.0,229.625,45.78125,0.03847130745711043,,,0.1639404296875,0.163818359375,0.0009312629699707031,,0.0,0.0
110,110150,35,38.33467,Musashino_007_IchikawaOhno-FunabashiHoten_up_20240410_day,HD21,2024_0041_HD21_01_00004698.jpg,trolley2,764.0,773.0,764.0,773.0,9.0,0.4878317312145637,255.0,241.5,27.46875,0.03913866027767996,,,0.163818359375,0.163818359375,0.0009312629699707031,,0.0,0.0
110,110151,35,38.334672,Musashino_007_IchikawaOhno-FunabashiHoten_up_20240410_day,HD21,2024_0041_HD21_01_00004698.jpg,trolley2,764.0,773.0,764.0,773.0,9.0,0.49020713000019767,255.0,242.0,26.3125,0.03952386046372359,,,0.163818359375,0.1636962890625,0.0009312629699707031,,0.0,0.0
110,110152,35,38.334674,Musashino_007_IchikawaOhno-FunabashiHoten_up_20240410_day,HD21,2024_0041_HD21_01_00004698.jpg,trolley2,764.0,773.0,764.0,773.0,9.0,0.49236596391733134,254.0,239.625,27.625,0.0396535540727957,,,0.163818359375,0.1636962890625,0.0009312629699707031,,0.0,0.0
110,110153,35,38.334676,Musashino_007_IchikawaOhno-FunabashiHoten_up_20240410_day,HD21,2024_0041_HD21_01_00004698.jpg,trolley2,764.0,773.0,764.0,773.0,9.0,0.49431107042371086,255.0,240.125,27.703125,0.039553069694658445,,,0.1636962890625,0.1636962890625,0.0009312629699707031,,0.0,0.0
110,110154,35,38.334678,Musashino_007_IchikawaOhno-FunabashiHoten_up_20240410_day,HD21,2024_0041_HD21_01_00004698.jpg,trolley2,764.0,773.0,764.0,773.0,9.0,0.49431107042371086,255.0,240.25,28.484375,0.0392464141285361,,,0.1636962890625,0.16357421875,0.0009312629699707031,,0.0,0.0
110,110155,35,38.33468,Musashino_007_IchikawaOhno-FunabashiHoten_up_20240410_day,HD21,2024_0041_HD21_01_00004698.jpg,trolley2,764.0,773.0,764.0,773.0,9.0,0.49431107042371086,255.0,239.75,28.65625,0.03875627573309716,,,0.16357421875,0.16357421875,0.0009312629699707031,,0.0,0.0
110,110156,35,38.334682,Musashino_007_IchikawaOhno-FunabashiHoten_up_20240410_day,HD21,2024_0041_HD21_01_00004698.jpg,trolley2,764.0,773.0,764.0,773.0,9.0,0.49431107042371086,255.0,240.75,26.890625,0.03810403464887941,,,0.16357421875,0.1634521484375,0.0009312629699707031,,0.0,0.0
110,110157,35,38.334684,Musashino_007_IchikawaOhno-FunabashiHoten_up_20240410_day,HD21,2024_0041_HD21_01_00004698.jpg,trolley2,764.0,774.0,764.0,774.0,10.0,0.49236596391733134,253.0,232.5,38.40625,0.04004548771925045,,,0.1634521484375,0.1634521484375,0.0009312629699707031,,0.0,0.0
110,110158,35,38.334686,Musashino_007_IchikawaOhno-FunabashiHoten_up_20240410_day,HD21,2024_0041_HD21_01_00004698.jpg,trolley2,764.0,774.0,764.0,774.0,10.0,0.49020713000019767,253.0,232.5,38.75,0.04156998546211806,,,0.1634521484375,0.1634521484375,0.0009312629699707031,,0.0,0.0
110,110159,35,38.334688,Musashino_007_IchikawaOhno-FunabashiHoten_up_20240410_day,HD21,2024_0041_HD21_01_00004698.jpg,trolley2,764.0,774.0,764.0,774.0,10.0,0.4878317312145637,253.0,231.375,40.5,0.04271167784178947,,,0.1634521484375,0.163330078125,0.0009312629699707031,,0.0,0.0
110,110160,35,38.33469,Musashino_007_IchikawaOhno-FunabashiHoten_up_20240410_day,HD21,2024_0041_HD21_01_00004698.jpg,trolley2,764.0,774.0,764.0,774.0,10.0,0.4852365870939101,255.0,233.75,39.28125,0.043503329150132844,,,0.163330078125,0.163330078125,0.0009312629699707031,,0.0,0.0
110,110161,35,38.334692,Musashino_007_IchikawaOhno-FunabashiHoten_up_20240410_day,HD21,2024_0041_HD21_01_00004698.jpg,trolley2,764.0,774.0,764.0,774.0,10.0,0.48241815132442206,255.0,235.125,37.71875,0.04397627995104747,,,0.163330078125,0.1632080078125,0.0009312629699707031,,0.0,0.0
110,110162,35,38.334694,Musashino_007_IchikawaOhno-FunabashiHoten_up_20240410_day,HD21,2024_0041_HD21_01_00004698.jpg,trolley2,764.0,774.0,764.0,774.0,10.0,0.48241815132442206,255.0,235.0,38.28125,0.04416042069292876,,,0.1632080078125,0.1632080078125,0.0009312629699707031,,0.0,0.0
110,110163,35,38.334696,Musashino_007_IchikawaOhno-FunabashiHoten_up_20240410_day,HD21,2024_0041_HD21_01_00004698.jpg,trolley2,764.0,774.0,764.0,774.0,10.0,0.48241815132442206,253.0,234.125,39.28125,0.04408417594442287,,,0.1632080078125,0.1632080078125,0.0009312629699707031,,0.0,0.0
110,110164,35,38.334698,Musashino_007_IchikawaOhno-FunabashiHoten_up_20240410_day,HD21,2024_0041_HD21_01_00004698.jpg,trolley2,764.0,774.0,764.0,774.0,10.0,0.48241815132442206,253.0,234.5,38.5,0.04377449825710746,,,0.1632080078125,0.1630859375,0.0009312629699707031,,0.0,0.0
110,110165,35,38.3347,Musashino_007_IchikawaOhno-FunabashiHoten_up_20240410_day,HD21,2024_0041_HD21_01_00004698.jpg,trolley2,764.0,774.0,764.0,774.0,10.0,0.48241815132442206,255.0,234.875,39.34375,0.04325687070760748,,,0.1630859375,0.1630859375,0.0009312629699707031,,0.0,0.0
110,110166,35,38.334702,Musashino_007_IchikawaOhno-FunabashiHoten_up_20240410_day,HD21,2024_0041_HD21_01_00004698.jpg,trolley2,764.0,774.0,764.0,774.0,10.0,0.48241815132442206,255.0,234.875,39.84375,0.0425553172207243,,,0.1630859375,0.1629638671875,0.0009312629699707031,,0.0,0.0
110,110167,35,38.334704,Musashino_007_IchikawaOhno-FunabashiHoten_up_20240410_day,HD21,2024_0041_HD21_01_00004698.jpg,trolley2,764.0,774.0,764.0,774.0,10.0,0.48241815132442206,255.0,236.25,37.59375,0.04169241982414707,,,0.1630859375,0.1629638671875,0.0009312629699707031,,0.0,0.0
110,110168,35,38.334706,Musashino_007_IchikawaOhno-FunabashiHoten_up_20240410_day,HD21,2024_0041_HD21_01_00004698.jpg,trolley2,764.0,774.0,764.0,774.0,10.0,0.48241815132442206,255.0,236.25,38.9375,0.040689342033950936,,,0.1629638671875,0.1629638671875,0.0009312629699707031,,0.0,0.0
110,110169,35,38.334708,Musashino_007_IchikawaOhno-FunabashiHoten_up_20240410_day,HD21,2024_0041_HD21_01_00004698.jpg,trolley2,764.0,774.0,764.0,774.0,10.0,0.48241815132442206,255.0,236.125,39.40625,0.03956585761815492,,,0.1629638671875,0.162841796875,0.0009312629699707031,,0.0,0.0
110,110170,35,38.33471,Musashino_007_IchikawaOhno-FunabashiHoten_up_20240410_day,HD21,2024_0041_HD21_01_00004698.jpg,trolley2,764.0,774.0,764.0,774.0,10.0,0.48241815132442206,255.0,236.125,39.96875,0.03834038403289695,,,0.162841796875,0.162841796875,0.0009312629699707031,,0.0,0.0
110,110171,35,38.334712,Musashino_007_IchikawaOhno-FunabashiHoten_up_20240410_day,HD21,2024_0041_HD21_01_00004698.jpg,trolley2,764.0,774.0,764.0,774.0,10.0,0.48241815132442206,255.0,236.375,40.15625,0.037030019872108404,,,0.162841796875,0.162841796875,0.0009312629699707031,,0.0,0.0
110,110172,35,38.334714,Musashino_007_IchikawaOhno-FunabashiHoten_up_20240410_day,HD21,2024_0041_HD21_01_00004698.jpg,trolley2,764.0,774.0,764.0,774.0,10.0,0.48241815132442206,254.0,236.125,40.59375,0.03565058571677994,,,0.162841796875,0.1627197265625,0.0009312629699707031,,0.0,0.0
110,110173,35,38.334716,Musashino_007_IchikawaOhno-FunabashiHoten_up_20240410_day,HD21,2024_0041_HD21_01_00004698.jpg,trolley2,764.0,774.0,764.0,774.0,10.0,0.48241815132442206,252.0,235.875,40.71875,0.03421666781387274,,,0.1627197265625,0.1627197265625,0.0009312629699707031,,0.0,0.0
110,110174,35,38.334718,Musashino_007_IchikawaOhno-FunabashiHoten_up_20240410_day,HD21,2024_0041_HD21_01_00004698.jpg,trolley2,764.0,774.0,764.0,774.0,10.0,0.4793724854411025,251.0,235.625,40.59375,0.03274166405753245,,,0.1627197265625,0.1627197265625,0.0009312629699707031,,0.0,0.0
110,110175,35,38.33472,Musashino_007_IchikawaOhno-FunabashiHoten_up_20240410_day,HD21,2024_0041_HD21_01_00004698.jpg,trolley2,764.0,774.0,764.0,774.0,10.0,0.4760952285695236,251.0,235.875,40.5,0.031237831786400317,,,0.1627197265625,0.16259765625,0.0009312629699707031,,0.0,0.0
110,110176,35,38.334722,Musashino_007_IchikawaOhno-FunabashiHoten_up_20240410_day,HD21,2024_0041_HD21_01_00004698.jpg,trolley2,765.0,774.0,764.0,774.0,10.0,0.4725815626252611,255.0,234.375,39.78125,0.03245204517584236,,,0.16259765625,0.16259765625,0.0009312629699707031,,0.0,0.0
110,110177,35,38.334724,Musashino_007_IchikawaOhno-FunabashiHoten_up_20240410_day,HD21,2024_0041_HD21_01_00004698.jpg,trolley2,765.0,775.0,764.0,774.0,10.0,0.4688261722621509,254.0,235.0,39.6875,0.03610067001233286,,,0.16259765625,0.16259765625,0.0009312629699707031,,0.0,0.0
110,110178,35,38.334725999999996,Musashino_007_IchikawaOhno-FunabashiHoten_up_20240410_day,HD21,2024_0041_HD21_01_00004698.jpg,trolley2,765.0,775.0,765.0,774.0,9.0,0.4688261722621509,254.0,245.75,17.28125,0.039179948790297014,,,0.16259765625,0.1624755859375,0.0009312629699707031,,0.0,0.0
110,110179,35,38.334728,Musashino_007_IchikawaOhno-FunabashiHoten_up_20240410_day,HD21,2024_0041_HD21_01_00004698.jpg,trolley2,765.0,775.0,765.0,775.0,10.0,0.4648231987117319,254.0,233.75,39.28125,0.04173105444285624,,,0.16259765625,0.1624755859375,0.0009312629699707031,,0.0,0.0
110,110180,35,38.33473,Musashino_007_IchikawaOhno-FunabashiHoten_up_20240410_day,HD21,2024_0041_HD21_01_00004698.jpg,trolley2,765.0,775.0,765.0,775.0,10.0,0.46056618647183845,254.0,234.375,37.5,0.04379385390440042,,,0.1624755859375,0.1624755859375,0.0009312629699707031,,0.0,0.0
110,110181,35,38.334732,Musashino_007_IchikawaOhno-FunabashiHoten_up_20240410_day,HD21,2024_0041_HD21_01_00004698.jpg,trolley2,765.0,775.0,765.0,775.0,10.0,0.4560480215720687,255.0,232.75,40.03125,0.04540682307389365,,,0.1624755859375,0.1624755859375,0.0009312629699707031,,0.0,0.0
110,110182,35,38.334734,Musashino_007_IchikawaOhno-FunabashiHoten_up_20240410_day,HD21,2024_0041_HD21_01_00004698.jpg,trolley2,765.0,774.0,765.0,775.0,10.0,0.451260859854213,255.0,229.875,42.84375,0.04387126982536242,,,0.1624755859375,0.162353515625,0.0009312629699707031,,0.0,0.0
110,110183,35,38.334736,Musashino_007_IchikawaOhno-FunabashiHoten_up_20240410_day,HD21,2024_0041_HD21_01_00004698.jpg,trolley2,765.0,775.0,765.0,775.0,10.0,0.4461960433384736,255.0,231.125,41.71875,0.04498787206301362,,,0.162353515625,0.162353515625,0.0009312629699707031,,0.0,0.0
110,110184,35,38.334738,Musashino_007_IchikawaOhno-FunabashiHoten_up_20240410_day,HD21,2024_0041_HD21_01_00004698.jpg,trolley2,765.0,775.0,765.0,775.0,10.0,0.440844002276808,253.0,234.5,39.5625,0.04574453615570484,,,0.162353515625,0.162353515625,0.0009312629699707031,,0.0,0.0
110,110185,35,38.33474,Musashino_007_IchikawaOhno-FunabashiHoten_up_20240410_day,HD21,2024_0041_HD21_01_00004698.jpg,trolley2,765.0,775.0,765.0,775.0,10.0,0.43519413988924444,254.0,232.25,41.25,0.04617380267486462,,,0.162353515625,0.1622314453125,0.0009312629699707031,,0.0,0.0
110,110186,35,38.334742,Musashino_007_IchikawaOhno-FunabashiHoten_up_20240410_day,HD21,2024_0041_HD21_01_00004698.jpg,trolley2,765.0,775.0,765.0,775.0,10.0,0.43519413988924444,254.0,234.5,38.96875,0.046306687374087066,,,0.1622314453125,0.1622314453125,0.0009312629699707031,,0.0,0.0
110,110187,35,38.334744,Musashino_007_IchikawaOhno-FunabashiHoten_up_20240410_day,HD21,2024_0041_HD21_01_00004698.jpg,trolley2,765.0,775.0,765.0,775.0,10.0,0.43519413988924444,255.0,232.125,41.46875,0.04617266688026037,,,0.1622314453125,0.1622314453125,0.0009312629699707031,,0.0,0.0
110,110188,35,38.334746,Musashino_007_IchikawaOhno-FunabashiHoten_up_20240410_day,HD21,2024_0041_HD21_01_00004698.jpg,trolley2,765.0,775.0,765.0,775.0,10.0,0.43519413988924444,253.0,234.5,40.375,0.04579967426408191,,,0.1622314453125,0.1622314453125,0.0009312629699707031,,0.0,0.0
110,110189,35,38.334748,Musashino_007_IchikawaOhno-FunabashiHoten_up_20240410_day,HD21,2024_0041_HD21_01_00004698.jpg,trolley2,765.0,775.0,765.0,775.0,10.0,0.43519413988924444,254.0,231.625,43.09375,0.045214103507404395,,,0.1622314453125,0.162109375,0.0009312629699707031,,0.0,0.0
110,110190,35,38.33475,Musashino_007_IchikawaOhno-FunabashiHoten_up_20240410_day,HD21,2024_0041_HD21_01_00004698.jpg,trolley2,765.0,775.0,765.0,775.0,10.0,0.43519413988924444,254.0,235.625,39.625,0.04444082193631878,,,0.162109375,0.162109375,0.0009312629699707031,,0.0,0.0
110,110191,35,38.334752,Musashino_007_IchikawaOhno-FunabashiHoten_up_20240410_day,HD21,2024_0041_HD21_01_00004698.jpg,trolley2,765.0,775.0,765.0,775.0,10.0,0.43519413988924444,255.0,236.25,39.0,0.04350318974017177,,,0.162109375,0.162109375,0.0009312629699707031,,0.0,0.0
110,110192,35,38.334754,Musashino_007_IchikawaOhno-FunabashiHoten_up_20240410_day,HD21,2024_0041_HD21_01_00004698.jpg,trolley2,765.0,775.0,765.0,775.0,10.0,0.43519413988924444,250.0,235.875,39.09375,0.04242308574760884,,,0.162109375,0.1619873046875,0.0009312629699707031,,0.0,0.0
110,110193,35,38.334756,Musashino_007_IchikawaOhno-FunabashiHoten_up_20240410_day,HD21,2024_0041_HD21_01_00004698.jpg,trolley2,765.0,775.0,765.0,775.0,10.0,0.43519413988924444,252.0,233.625,41.65625,0.041220938680973485,,,0.162109375,0.1619873046875,0.0009312629699707031,,0.0,0.0
110,110194,35,38.334758,Musashino_007_IchikawaOhno-FunabashiHoten_up_20240410_day,HD21,2024_0041_HD21_01_00004698.jpg,trolley2,765.0,775.0,765.0,775.0,10.0,0.43519413988924444,253.0,233.375,41.46875,0.039915763159765666,,,0.1619873046875,0.1619873046875,0.0009312629699707031,,0.0,0.0
110,110195,35,38.33476,Musashino_007_IchikawaOhno-FunabashiHoten_up_20240410_day,HD21,2024_0041_HD21_01_00004698.jpg,trolley2,765.0,775.0,765.0,775.0,10.0,0.4292346959909277,253.0,234.625,40.09375,0.03852519977220437,,,0.1619873046875,0.1619873046875,0.0009312629699707031,,0.0,0.0
110,110196,35,38.334762,Musashino_007_IchikawaOhno-FunabashiHoten_up_20240410_day,HD21,2024_0041_HD21_01_00004698.jpg,trolley2,765.0,775.0,765.0,775.0,10.0,0.4229525846816504,253.0,235.125,38.40625,0.037065558581073244,,,0.1619873046875,0.161865234375,0.0009312629699707031,,0.0,0.0
110,110197,35,38.334764,Musashino_007_IchikawaOhno-FunabashiHoten_up_20240410_day,HD21,2024_0041_HD21_01_00004698.jpg,trolley2,765.0,775.0,765.0,775.0,10.0,0.41633319989322626,255.0,234.875,38.5625,0.03555186547582747,,,0.1619873046875,0.161865234375,0.0009312629699707031,,0.0,0.0
110,110198,35,38.334766,Musashino_007_IchikawaOhno-FunabashiHoten_up_20240410_day,HD21,2024_0041_HD21_01_00004698.jpg,trolley2,766.0,775.0,765.0,775.0,10.0,0.4093601807403319,255.0,233.0,40.59375,0.036733619065645276,,,0.161865234375,0.161865234375,0.0009312629699707031,,0.0,0.0
110,110199,35,38.334768,Musashino_007_IchikawaOhno-FunabashiHoten_up_20240410_day,HD21,2024_0041_HD21_01_00004698.jpg,trolley2,766.0,775.0,765.0,775.0,10.0,0.40201512610368434,255.0,233.625,40.46875,0.037593957517769075,,,0.161865234375,0.161865234375,0.0009312629699707031,,0.0,0.0
110,110200,35,38.33477,Musashino_007_IchikawaOhno-FunabashiHoten_up_20240410_day,HD21,2024_0041_HD21_01_00004698.jpg,trolley2,766.0,775.0,765.0,775.0,10.0,0.394277244403662,252.0,233.125,40.03125,0.03816092835354365,,,0.161865234375,0.161865234375,0.0009312629699707031,,0.0,0.0
110,110201,35,38.334772,Musashino_007_IchikawaOhno-FunabashiHoten_up_20240410_day,HD21,2024_0041_HD21_01_00004698.jpg,trolley2,766.0,775.0,765.0,775.0,10.0,0.38612291966536855,255.0,228.75,44.3125,0.03846132596240471,,,0.161865234375,0.1617431640625,0.0009312629699707031,,0.0,0.0
110,110202,35,38.334774,Musashino_007_IchikawaOhno-FunabashiHoten_up_20240410_day,HD21,2024_0041_HD21_01_00004698.jpg,trolley2,766.0,775.0,765.0,776.0,11.0,0.3949172013974517,255.0,219.875,53.0,0.03852067270284627,,,0.1617431640625,0.1617431640625,0.0009312629699707031,,0.0,0.0
110,110203,35,38.334776,Musashino_007_IchikawaOhno-FunabashiHoten_up_20240410_day,HD21,2024_0041_HD21_01_00004698.jpg,trolley2,766.0,775.0,765.0,776.0,11.0,0.402517331328977,253.0,221.125,52.4375,0.03836320888916313,,,0.1617431640625,0.1617431640625,0.0009312629699707031,,0.0,0.0
110,110204,35,38.334778,Musashino_007_IchikawaOhno-FunabashiHoten_up_20240410_day,HD21,2024_0041_HD21_01_00004698.jpg,trolley2,766.0,775.0,766.0,776.0,10.0,0.402517331328977,255.0,230.875,40.625,0.03801189081322206,,,0.1617431640625,0.1617431640625,0.0009312629699707031,,0.0,0.0
110,110205,35,38.33478,Musashino_007_IchikawaOhno-FunabashiHoten_up_20240410_day,HD21,2024_0041_HD21_01_00004698.jpg,trolley2,766.0,776.0,766.0,776.0,10.0,0.402517331328977,254.0,232.0,39.15625,0.04022410423059705,,,0.1617431640625,0.16162109375,0.0009312629699707031,,0.0,0.0
110,110206,35,38.334782,Musashino_007_IchikawaOhno-FunabashiHoten_up_20240410_day,HD21,2024_0041_HD21_01_00004698.jpg,trolley2,766.0,776.0,766.0,776.0,10.0,0.402517331328977,252.0,233.125,39.34375,0.041990792456092066,,,0.1617431640625,0.16162109375,0.0009312629699707031,,0.0,0.0
110,110207,35,38.334784,Musashino_007_IchikawaOhno-FunabashiHoten_up_20240410_day,HD21,2024_0041_HD21_01_00004698.jpg,trolley2,766.0,776.0,766.0,776.0,10.0,0.402517331328977,255.0,232.5,40.03125,0.04334769180816438,,,0.16162109375,0.16162109375,0.0009312629699707031,,0.0,0.0
110,110208,35,38.334786,Musashino_007_IchikawaOhno-FunabashiHoten_up_20240410_day,HD21,2024_0041_HD21_01_00004698.jpg,trolley2,766.0,776.0,766.0,776.0,10.0,0.402517331328977,255.0,231.25,41.34375,0.04432913891217869,,,0.16162109375,0.16162109375,0.0009312629699707031,,0.0,0.0
110,110209,35,38.334788,Musashino_007_IchikawaOhno-FunabashiHoten_up_20240410_day,HD21,2024_0041_HD21_01_00004698.jpg,trolley2,766.0,776.0,766.0,776.0,10.0,0.402517331328977,255.0,232.5,41.03125,0.04496802547042743,,,0.16162109375,0.16162109375,0.0009312629699707031,,0.0,0.0
110,110210,35,38.33479,Musashino_007_IchikawaOhno-FunabashiHoten_up_20240410_day,HD21,2024_0041_HD21_01_00004698.jpg,trolley2,766.0,776.0,766.0,776.0,10.0,0.402517331328977,255.0,233.375,40.5625,0.045295765547226405,,,0.16162109375,0.1614990234375,0.0009312629699707031,,0.0,0.0
110,110211,35,38.334792,Musashino_007_IchikawaOhno-FunabashiHoten_up_20240410_day,HD21,2024_0041_HD21_01_00004698.jpg,trolley2,766.0,776.0,766.0,776.0,10.0,0.402517331328977,255.0,233.875,40.71875,0.04534227427269623,,,0.1614990234375,0.1614990234375,0.0009312629699707031,,0.0,0.0
110,110212,35,38.334794,Musashino_007_IchikawaOhno-FunabashiHoten_up_20240410_day,HD21,2024_0041_HD21_01_00004698.jpg,trolley2,766.0,776.0,766.0,776.0,10.0,0.402517331328977,255.0,231.125,43.5625,0.045135956918094605,,,0.1614990234375,0.1614990234375,0.0009312629699707031,,0.0,0.0
110,110213,35,38.334796,Musashino_007_IchikawaOhno-FunabashiHoten_up_20240410_day,HD21,2024_0041_HD21_01_00004698.jpg,trolley2,766.0,776.0,766.0,776.0,10.0,0.402517331328977,255.0,230.5,44.625,0.04470370734552534,,,0.1614990234375,0.1614990234375,0.0009312629699707031,,0.0,0.0
110,110214,35,38.334798,Musashino_007_IchikawaOhno-FunabashiHoten_up_20240410_day,HD21,2024_0041_HD21_01_00004698.jpg,trolley2,766.0,776.0,766.0,776.0,10.0,0.402517331328977,255.0,233.75,41.875,0.044070914885185,,,0.1614990234375,0.161376953125,0.0009312629699707031,,0.0,0.0
110,110215,35,38.3348,Musashino_007_IchikawaOhno-FunabashiHoten_up_20240410_day,HD21,2024_0041_HD21_01_00004698.jpg,trolley2,766.0,776.0,766.0,776.0,10.0,0.402517331328977,255.0,233.125,42.9375,0.04326147874368317,,,0.1614990234375,0.161376953125,0.0009312629699707031,,0.0,0.0
110,110216,35,38.334802,Musashino_007_IchikawaOhno-FunabashiHoten_up_20240410_day,HD21,2024_0041_HD21_01_00004698.jpg,trolley2,766.0,776.0,766.0,776.0,10.0,0.402517331328977,255.0,233.875,42.46875,0.04229782909712603,,,0.161376953125,0.161376953125,0.0009312629699707031,,0.0,0.0
110,110217,35,38.334804,Musashino_007_IchikawaOhno-FunabashiHoten_up_20240410_day,HD21,2024_0041_HD21_01_00004698.jpg,trolley2,767.0,776.0,766.0,776.0,10.0,0.402517331328977,255.0,230.125,45.75,0.04393666230789008,,,0.161376953125,0.161376953125,0.0009312629699707031,,0.0,0.0
110,110218,35,38.334806,Musashino_007_IchikawaOhno-FunabashiHoten_up_20240410_day,HD21,2024_0041_HD21_01_00004698.jpg,trolley2,767.0,776.0,766.0,776.0,10.0,0.402517331328977,255.0,228.5,46.28125,0.045168089436896756,,,0.161376953125,0.161376953125,0.0009312629699707031,,0.0,0.0
110,110219,35,38.334808,Musashino_007_IchikawaOhno-FunabashiHoten_up_20240410_day,HD21,2024_0041_HD21_01_00004698.jpg,trolley2,767.0,776.0,766.0,776.0,10.0,0.402517331328977,255.0,226.125,48.46875,0.04602689079460889,,,0.161376953125,0.161376953125,0.0009312629699707031,,0.0,0.0
110,110220,35,38.33481,Musashino_007_IchikawaOhno-FunabashiHoten_up_20240410_day,HD21,2024_0041_HD21_01_00004698.jpg,trolley2,767.0,776.0,766.0,776.0,10.0,0.39325114703769654,255.0,226.875,46.84375,0.04654634108849698,,,0.161376953125,0.1612548828125,0.0009312629699707031,,0.0,0.0
110,110221,35,38.334812,Musashino_007_IchikawaOhno-FunabashiHoten_up_20240410_day,HD21,2024_0041_HD21_01_00004698.jpg,trolley2,767.0,776.0,766.0,777.0,11.0,0.399368187885501,255.0,214.0,59.21875,0.04675818079632973,,,0.1612548828125,0.1612548828125,0.0009312629699707031,,0.0,0.0
110,110222,35,38.334814,Musashino_007_IchikawaOhno-FunabashiHoten_up_20240410_day,HD21,2024_0041_HD21_01_00004698.jpg,trolley2,767.0,776.0,766.0,777.0,11.0,0.40439504637835605,255.0,214.875,58.625,0.04669259885116632,,,0.1612548828125,0.1612548828125,0.0009312629699707031,,0.0,0.0
110,110223,35,38.334816,Musashino_007_IchikawaOhno-FunabashiHoten_up_20240410_day,HD21,2024_0041_HD21_01_00004698.jpg,trolley2,767.0,776.0,766.0,777.0,11.0,0.4083719833285285,255.0,215.125,58.40625,0.04637822558003315,,,0.1612548828125,0.1612548828125,0.0009312629699707031,,0.0,0.0
110,110224,35,38.334818,Musashino_007_IchikawaOhno-FunabashiHoten_up_20240410_day,HD21,2024_0041_HD21_01_00004698.jpg,trolley2,767.0,776.0,767.0,777.0,10.0,0.3974667256259285,254.0,224.5,50.09375,0.04584213488999117,,,0.1612548828125,0.1612548828125,0.0009312629699707031,,0.0,0.0
110,110225,35,38.33482,Musashino_007_IchikawaOhno-FunabashiHoten_up_20240410_day,HD21,2024_0041_HD21_01_00004698.jpg,trolley2,767.0,776.0,767.0,777.0,10.0,0.38599209705627147,255.0,225.0,50.0,0.045109854747244514,,,0.1612548828125,0.1611328125,0.0009312629699707031,,0.0,0.0
110,110226,35,38.334822,Musashino_007_IchikawaOhno-FunabashiHoten_up_20240410_day,HD21,2024_0041_HD21_01_00004698.jpg,trolley2,767.0,776.0,767.0,777.0,10.0,0.3738956803681728,255.0,225.75,48.75,0.044205385046832135,,,0.1612548828125,0.1611328125,0.0009312629699707031,,0.0,0.0
110,110227,35,38.334824,Musashino_007_IchikawaOhno-FunabashiHoten_up_20240410_day,HD21,2024_0041_HD21_01_00004698.jpg,trolley2,767.0,776.0,767.0,777.0,10.0,0.3611149960940966,254.0,225.5,48.4375,0.04315122202196608,,,0.1611328125,0.1611328125,0.0009312629699707031,,0.0,0.0
110,110228,35,38.334826,Musashino_007_IchikawaOhno-FunabashiHoten_up_20240410_day,HD21,2024_0041_HD21_01_00004698.jpg,trolley2,767.0,776.0,767.0,777.0,10.0,0.3611149960940966,254.0,224.75,50.4375,0.041968388393022,,,0.1611328125,0.1611328125,0.0009312629699707031,,0.0,0.0
110,110229,35,38.334828,Musashino_007_IchikawaOhno-FunabashiHoten_up_20240410_day,HD21,2024_0041_HD21_01_00004698.jpg,trolley2,767.0,776.0,767.0,777.0,10.0,0.3611149960940966,255.0,224.875,50.65625,0.04067646850630756,,,0.1611328125,0.1611328125,0.0009312629699707031,,0.0,0.0
110,110230,35,38.33483,Musashino_007_IchikawaOhno-FunabashiHoten_up_20240410_day,HD21,2024_0041_HD21_01_00004698.jpg,trolley2,767.0,776.0,767.0,777.0,10.0,0.3611149960940966,254.0,224.375,50.25,0.039293647761849994,,,0.1611328125,0.1611328125,0.0009312629699707031,,0.0,0.0
110,110231,35,38.334832,Musashino_007_IchikawaOhno-FunabashiHoten_up_20240410_day,HD21,2024_0041_HD21_01_00004698.jpg,trolley2,767.0,776.0,767.0,777.0,10.0,0.3611149960940966,253.0,221.5,51.6875,0.03783675567739249,,,0.1611328125,0.1610107421875,0.0009312629699707031,,0.0,0.0
110,110232,35,38.334834,Musashino_007_IchikawaOhno-FunabashiHoten_up_20240410_day,HD21,2024_0041_HD21_01_00004698.jpg,trolley2,768.0,776.0,767.0,777.0,10.0,0.3611149960940966,255.0,221.125,51.3125,0.03905702021747214,,,0.1611328125,0.1610107421875,0.0009312629699707031,,0.0,0.0
110,110233,35,38.334836,Musashino_007_IchikawaOhno-FunabashiHoten_up_20240410_day,HD21,2024_0041_HD21_01_00004698.jpg,trolley2,768.0,776.0,767.0,777.0,10.0,0.3611149960940966,254.0,221.875,51.28125,0.03993923274883351,,,0.1610107421875,0.1610107421875,0.0009312629699707031,,0.0,0.0
110,110234,35,38.334838,Musashino_007_IchikawaOhno-FunabashiHoten_up_20240410_day,HD21,2024_0041_HD21_01_00004698.jpg,trolley2,768.0,776.0,767.0,777.0,10.0,0.3611149960940966,254.0,221.5,51.40625,0.0405130165417686,,,0.1610107421875,0.1610107421875,0.0009312629699707031,,0.0,0.0
110,110235,35,38.33484,Musashino_007_IchikawaOhno-FunabashiHoten_up_20240410_day,HD21,2024_0041_HD21_01_00004698.jpg,trolley2,768.0,776.0,767.0,777.0,10.0,0.3611149960940966,255.0,220.125,51.8125,0.04080666355880957,,,0.1610107421875,0.1610107421875,0.0009312629699707031,,0.0,0.0
110,110236,35,38.334842,Musashino_007_IchikawaOhno-FunabashiHoten_up_20240410_day,HD21,2024_0041_HD21_01_00004698.jpg,trolley2,768.0,776.0,767.0,777.0,10.0,0.3611149960940966,255.0,219.25,52.28125,0.04084711532860425,,,0.1610107421875,0.1610107421875,0.0009312629699707031,,0.0,0.0
110,110237,35,38.334844,Musashino_007_IchikawaOhno-FunabashiHoten_up_20240410_day,HD21,2024_0041_HD21_01_00004698.jpg,trolley2,768.0,776.0,767.0,777.0,10.0,0.3611149960940966,255.0,218.875,52.5625,0.04065995315768068,,,0.1610107421875,0.160888671875,0.0009312629699707031,,0.0,0.0
110,110238,35,38.334846,Musashino_007_IchikawaOhno-FunabashiHoten_up_20240410_day,HD21,2024_0041_HD21_01_00004698.jpg,trolley2,768.0,776.0,767.0,777.0,10.0,0.3611149960940966,255.0,216.875,53.84375,0.04026939678205583,,,0.1610107421875,0.160888671875,0.0009312629699707031,,0.0,0.0
110,110239,35,38.334848,Musashino_007_IchikawaOhno-FunabashiHoten_up_20240410_day,HD21,2024_0041_HD21_01_00004698.jpg,trolley2,768.0,776.0,767.0,777.0,10.0,0.3611149960940966,255.0,214.125,55.75,0.039698310605975076,,,0.160888671875,0.160888671875,0.0009312629699707031,,0.0,0.0
110,110240,35,38.33485,Musashino_007_IchikawaOhno-FunabashiHoten_up_20240410_day,HD21,2024_0041_HD21_01_00004698.jpg,trolley2,768.0,776.0,767.0,777.0,10.0,0.3611149960940966,251.0,211.625,58.4375,0.03896821672045705,,,0.160888671875,0.160888671875,0.0009312629699707031,,0.0,0.0
110,110241,35,38.334852,Musashino_007_IchikawaOhno-FunabashiHoten_up_20240410_day,HD21,2024_0041_HD21_01_00004698.jpg,trolley2,768.0,776.0,767.0,777.0,10.0,0.3611149960940966,254.0,212.125,59.03125,0.038099313939500674,,,0.160888671875,0.160888671875,0.0009312629699707031,,0.0,0.0
110,110242,35,38.334854,Musashino_007_IchikawaOhno-FunabashiHoten_up_20240410_day,HD21,2024_0041_HD21_01_00004698.jpg,trolley2,768.0,776.0,767.0,777.0,10.0,0.3611149960940966,255.0,211.5,59.1875,0.03711050213654771,,,0.160888671875,0.160888671875,0.0009312629699707031,,0.0,0.0
110,110243,35,38.334856,Musashino_007_IchikawaOhno-FunabashiHoten_up_20240410_day,HD21,2024_0041_HD21_01_00004698.jpg,trolley2,768.0,776.0,767.0,777.0,10.0,0.3611149960940966,255.0,210.625,58.8125,0.03601941120790855,,,0.160888671875,0.160888671875,0.0009312629699707031,,0.0,0.0
110,110244,35,38.334858,Musashino_007_IchikawaOhno-FunabashiHoten_up_20240410_day,HD21,2024_0041_HD21_01_00004698.jpg,trolley2,768.0,776.0,767.0,777.0,10.0,0.3611149960940966,255.0,210.25,58.65625,0.034842434033155546,,,0.160888671875,0.1607666015625,0.0009312629699707031,,0.0,0.0
110,110245,35,38.33486,Musashino_007_IchikawaOhno-FunabashiHoten_up_20240410_day,HD21,2024_0041_HD21_01_00004698.jpg,trolley2,769.0,776.0,767.0,777.0,10.0,0.3611149960940966,255.0,209.75,58.5625,0.036330471079885594,,,0.160888671875,0.1607666015625,0.0009312629699707031,,0.0,0.0
110,110246,35,38.334862,Musashino_007_IchikawaOhno-FunabashiHoten_up_20240410_day,HD21,2024_0041_HD21_01_00004698.jpg,trolley2,769.0,776.0,767.0,777.0,10.0,0.3611149960940966,255.0,208.5,58.875,0.03746808602860738,,,0.1607666015625,0.1607666015625,0.0009312629699707031,,0.0,0.0
110,110247,35,38.334864,Musashino_007_IchikawaOhno-FunabashiHoten_up_20240410_day,HD21,2024_0041_HD21_01_00004698.jpg,trolley2,769.0,776.0,767.0,777.0,10.0,0.3611149960940966,255.0,206.375,58.53125,0.03828476534834888,,,0.1607666015625,0.1607666015625,0.0009312629699707031,,0.0,0.0
110,110248,35,38.334866,Musashino_007_IchikawaOhno-FunabashiHoten_up_20240410_day,HD21,2024_0041_HD21_01_00004698.jpg,trolley2,769.0,776.0,767.0,777.0,10.0,0.3611149960940966,255.0,206.375,58.75,0.0388087465719377,,,0.1607666015625,0.1607666015625,0.0009312629699707031,,0.0,0.0
110,110249,35,38.334868,Musashino_007_IchikawaOhno-FunabashiHoten_up_20240410_day,HD21,2024_0041_HD21_01_00004698.jpg,trolley2,769.0,776.0,767.0,777.0,10.0,0.3611149960940966,255.0,202.875,60.53125,0.03906699107335609,,,0.1607666015625,0.1607666015625,0.0009312629699707031,,0.0,0.0
110,110250,35,38.33487,Musashino_007_IchikawaOhno-FunabashiHoten_up_20240410_day,HD21,2024_0041_HD21_01_00004698.jpg,trolley2,769.0,776.0,768.0,777.0,9.0,0.3611149960940966,255.0,216.625,50.4375,0.039085166601701,,,0.1607666015625,0.1607666015625,0.0009312629699707031,,0.0,0.0
110,110251,35,38.334872,Musashino_007_IchikawaOhno-FunabashiHoten_up_20240410_day,HD21,2024_0041_HD21_01_00004698.jpg,trolley2,769.0,776.0,768.0,778.0,10.0,0.34757456870156617,254.0,207.125,57.34375,0.03888763867303352,,,0.1607666015625,0.16064453125,0.0009312629699707031,,0.0,0.0
110,110252,35,38.334874,Musashino_007_IchikawaOhno-FunabashiHoten_up_20240410_day,HD21,2024_0041_HD21_01_00004698.jpg,trolley2,769.0,776.0,768.0,778.0,10.0,0.3331817837308935,252.0,205.125,57.9375,0.03849746996452791,,,0.1607666015625,0.16064453125,0.0009312629699707031,,0.0,0.0
110,110253,35,38.334876,Musashino_007_IchikawaOhno-FunabashiHoten_up_20240410_day,HD21,2024_0041_HD21_01_00004698.jpg,trolley2,769.0,776.0,768.0,778.0,10.0,0.31782086308186236,254.0,205.5,57.875,0.03793642689873601,,,0.1607666015625,0.16064453125,0.0009312629699707031,,0.0,0.0
110,110254,35,38.334878,Musashino_007_IchikawaOhno-FunabashiHoten_up_20240410_day,HD21,2024_0041_HD21_01_00004698.jpg,trolley2,769.0,776.0,768.0,778.0,10.0,0.3013437917198223,255.0,203.125,60.53125,0.03722499264921163,,,0.16064453125,0.16064453125,0.0009312629699707031,,0.0,0.0
110,110255,35,38.33488,Musashino_007_IchikawaOhno-FunabashiHoten_up_20240410_day,HD21,2024_0041_HD21_01_00004698.jpg,trolley2,769.0,776.0,768.0,778.0,10.0,0.2835560621888363,253.0,203.0,59.6875,0.0363823858419448,,,0.16064453125,0.16064453125,0.0009312629699707031,,0.0,0.0
110,110256,35,38.334882,Musashino_007_IchikawaOhno-FunabashiHoten_up_20240410_day,HD21,2024_0041_HD21_01_00004698.jpg,trolley2,769.0,776.0,768.0,778.0,10.0,0.26419307295608363,255.0,201.625,59.71875,0.035426584269837066,,,0.16064453125,0.16064453125,0.0009312629699707031,,0.0,0.0
110,110257,35,38.334884,Musashino_007_IchikawaOhno-FunabashiHoten_up_20240410_day,HD21,2024_0041_HD21_01_00004698.jpg,trolley2,769.0,776.0,768.0,778.0,10.0,0.26419307295608363,254.0,205.125,59.21875,0.03437435297959519,,,0.16064453125,0.16064453125,0.0009312629699707031,,0.0,0.0
110,110258,35,38.334886,Musashino_007_IchikawaOhno-FunabashiHoten_up_20240410_day,HD21,2024_0041_HD21_01_00004698.jpg,trolley2,770.0,776.0,768.0,778.0,10.0,0.26419307295608363,255.0,200.875,57.46875,0.03597698436685573,,,0.16064453125,0.16064453125,0.0009312629699707031,,0.0,0.0
110,110259,35,38.334888,Musashino_007_IchikawaOhno-FunabashiHoten_up_20240410_day,HD21,2024_0041_HD21_01_00004698.jpg,trolley2,769.0,776.0,768.0,778.0,10.0,0.26419307295608363,253.0,205.875,58.59375,0.03448374140777994,,,0.16064453125,0.1605224609375,0.0009312629699707031,,0.0,0.0
110,110260,35,38.33489,Musashino_007_IchikawaOhno-FunabashiHoten_up_20240410_day,HD21,2024_0041_HD21_01_00004698.jpg,trolley2,769.0,777.0,768.0,778.0,10.0,0.26419307295608363,253.0,204.375,59.375,0.0356897052576582,,,0.16064453125,0.1605224609375,0.0009312629699707031,,0.0,0.0
110,110261,35,38.334891999999996,Musashino_007_IchikawaOhno-FunabashiHoten_up_20240410_day,HD21,2024_0041_HD21_01_00004698.jpg,trolley2,769.0,777.0,768.0,778.0,10.0,0.26419307295608363,255.0,208.25,57.5,0.03657749843686415,,,0.1605224609375,0.1605224609375,0.0009312629699707031,,0.0,0.0
110,110262,35,38.334894,Musashino_007_IchikawaOhno-FunabashiHoten_up_20240410_day,HD21,2024_0041_HD21_01_00004698.jpg,trolley2,769.0,777.0,768.0,778.0,10.0,0.26419307295608363,253.0,208.375,58.65625,0.03717468761316256,,,0.1605224609375,0.1605224609375,0.0009312629699707031,,0.0,0.0
110,110263,35,38.334896,Musashino_007_IchikawaOhno-FunabashiHoten_up_20240410_day,HD21,2024_0041_HD21_01_00004698.jpg,trolley2,770.0,777.0,768.0,778.0,10.0,0.26419307295608363,255.0,207.125,57.71875,0.040243328439440056,,,0.1605224609375,0.1605224609375,0.0009312629699707031,,0.0,0.0
110,110264,35,38.334898,Musashino_007_IchikawaOhno-FunabashiHoten_up_20240410_day,HD21,2024_0041_HD21_01_00004698.jpg,trolley2,770.0,777.0,768.0,778.0,10.0,0.26419307295608363,255.0,204.5,60.875,0.04277906203969455,,,0.1605224609375,0.1605224609375,0.0009312629699707031,,0.0,0.0
110,110265,35,38.3349,Musashino_007_IchikawaOhno-FunabashiHoten_up_20240410_day,HD21,2024_0041_HD21_01_00004698.jpg,trolley2,770.0,777.0,768.0,778.0,10.0,0.26419307295608363,255.0,205.25,60.46875,0.044822321897874044,,,0.1605224609375,0.1605224609375,0.0009312629699707031,,0.0,0.0
110,110266,35,38.334902,Musashino_007_IchikawaOhno-FunabashiHoten_up_20240410_day,HD21,2024_0041_HD21_01_00004698.jpg,trolley2,769.0,777.0,768.0,778.0,10.0,0.26419307295608363,255.0,207.875,59.375,0.04367640729412294,,,0.1605224609375,0.1605224609375,0.0009312629699707031,,0.0,0.0
110,110267,35,38.334904,Musashino_007_IchikawaOhno-FunabashiHoten_up_20240410_day,HD21,2024_0041_HD21_01_00004698.jpg,trolley2,769.0,777.0,768.0,778.0,10.0,0.26419307295608363,255.0,207.875,59.28125,0.042408298803821416,,,0.1605224609375,0.160400390625,0.0009312629699707031,,0.0,0.0
110,110268,35,38.334906,Musashino_007_IchikawaOhno-FunabashiHoten_up_20240410_day,HD21,2024_0041_HD21_01_00004698.jpg,trolley2,770.0,777.0,768.0,778.0,10.0,0.26419307295608363,255.0,207.875,59.625,0.04377309555294532,,,0.1605224609375,0.160400390625,0.0009312629699707031,,0.0,0.0
110,110269,35,38.334908,Musashino_007_IchikawaOhno-FunabashiHoten_up_20240410_day,HD21,2024_0041_HD21_01_00004698.jpg,trolley2,770.0,777.0,768.0,778.0,10.0,0.26419307295608363,255.0,205.875,60.6875,0.044759307684878506,,,0.1605224609375,0.160400390625,0.0009312629699707031,,0.0,0.0
110,110270,35,38.33491,Musashino_007_IchikawaOhno-FunabashiHoten_up_20240410_day,HD21,2024_0041_HD21_01_00004698.jpg,trolley2,770.0,777.0,768.0,778.0,10.0,0.26419307295608363,255.0,207.625,60.40625,0.04540012004404936,,,0.160400390625,0.160400390625,0.0009312629699707031,,0.0,0.0
110,110271,35,38.334912,Musashino_007_IchikawaOhno-FunabashiHoten_up_20240410_day,HD21,2024_0041_HD21_01_00004698.jpg,trolley2,770.0,777.0,769.0,778.0,9.0,0.2835560621888363,254.0,220.625,49.15625,0.045727225497963396,,,0.160400390625,0.160400390625,0.0009312629699707031,,0.0,0.0
110,110272,35,38.334914,Musashino_007_IchikawaOhno-FunabashiHoten_up_20240410_day,HD21,2024_0041_HD21_01_00004698.jpg,trolley2,770.0,777.0,769.0,778.0,9.0,0.3013437917198223,255.0,217.75,51.3125,0.04577080357679133,,,0.160400390625,0.160400390625,0.0009312629699707031,,0.0,0.0
110,110273,35,38.334916,Musashino_007_IchikawaOhno-FunabashiHoten_up_20240410_day,HD21,2024_0041_HD21_01_00004698.jpg,trolley2,770.0,777.0,769.0,778.0,9.0,0.31782086308186236,253.0,217.375,51.09375,0.04555950956985388,,,0.160400390625,0.160400390625,0.0009312629699707031,,0.0,0.0
110,110274,35,38.334918,Musashino_007_IchikawaOhno-FunabashiHoten_up_20240410_day,HD21,2024_0041_HD21_01_00004698.jpg,trolley2,770.0,777.0,769.0,778.0,9.0,0.3331817837308935,253.0,220.0,49.15625,0.04512047307301902,,,0.160400390625,0.160400390625,0.0009312629699707031,,0.0,0.0
110,110275,35,38.33492,Musashino_007_IchikawaOhno-FunabashiHoten_up_20240410_day,HD21,2024_0041_HD21_01_00004698.jpg,trolley2,770.0,777.0,769.0,778.0,9.0,0.34757456870156617,255.0,223.875,45.5625,0.044479305031836176,,,0.160400390625,0.160400390625,0.0009312629699707031,,0.0,0.0
110,110276,35,38.334922,Musashino_007_IchikawaOhno-FunabashiHoten_up_20240410_day,HD21,2024_0041_HD21_01_00004698.jpg,trolley2,770.0,778.0,769.0,779.0,10.0,0.34757456870156617,255.0,214.375,53.25,0.04639582061115242,,,0.160400390625,0.160400390625,0.0009312629699707031,,0.0,0.0
110,110277,35,38.334924,Musashino_007_IchikawaOhno-FunabashiHoten_up_20240410_day,HD21,2024_0041_HD21_01_00004698.jpg,trolley2,770.0,778.0,769.0,779.0,10.0,0.34757456870156617,254.0,212.5,54.875,0.04786317695968676,,,0.160400390625,0.1602783203125,0.0009312629699707031,,0.0,0.0
110,110278,35,38.334926,Musashino_007_IchikawaOhno-FunabashiHoten_up_20240410_day,HD21,2024_0041_HD21_01_00004698.jpg,trolley2,770.0,778.0,769.0,779.0,10.0,0.3331817837308935,255.0,213.5,54.5,0.04891911850303075,,,0.160400390625,0.1602783203125,0.0009312629699707031,,0.0,0.0
110,110279,35,38.334928,Musashino_007_IchikawaOhno-FunabashiHoten_up_20240410_day,HD21,2024_0041_HD21_01_00004698.jpg,trolley2,770.0,778.0,769.0,779.0,10.0,0.3331817837308935,255.0,215.875,52.5,0.04959979422754442,,,0.160400390625,0.1602783203125,0.0009312629699707031,,0.0,0.0
110,110280,35,38.33493,Musashino_007_IchikawaOhno-FunabashiHoten_up_20240410_day,HD21,2024_0041_HD21_01_00004698.jpg,trolley2,770.0,778.0,769.0,779.0,10.0,0.3331817837308935,251.0,212.625,53.65625,0.04993972248230404,,,0.1602783203125,0.1602783203125,0.0009312629699707031,,0.0,0.0
110,110281,35,38.334932,Musashino_007_IchikawaOhno-FunabashiHoten_up_20240410_day,HD21,2024_0041_HD21_01_00004698.jpg,trolley2,770.0,778.0,769.0,779.0,10.0,0.3331817837308935,252.0,214.75,52.71875,0.04997176828991189,,,0.1602783203125,0.1602783203125,0.0009312629699707031,,0.0,0.0
110,110282,35,38.334934,Musashino_007_IchikawaOhno-FunabashiHoten_up_20240410_day,HD21,2024_0041_HD21_01_00004698.jpg,trolley2,770.0,778.0,769.0,779.0,10.0,0.3331817837308935,253.0,215.75,53.125,0.04972713201555491,,,0.1602783203125,0.1602783203125,0.0009312629699707031,,0.0,0.0
110,110283,35,38.334936,Musashino_007_IchikawaOhno-FunabashiHoten_up_20240410_day,HD21,2024_0041_HD21_01_00004698.jpg,trolley2,770.0,778.0,769.0,779.0,10.0,0.3331817837308935,254.0,215.0,54.25,0.04923534829880965,,,0.1602783203125,0.1602783203125,0.0009312629699707031,,0.0,0.0
110,110284,35,38.334938,Musashino_007_IchikawaOhno-FunabashiHoten_up_20240410_day,HD21,2024_0041_HD21_01_00004698.jpg,trolley2,770.0,778.0,769.0,779.0,10.0,0.3331817837308935,255.0,215.125,54.09375,0.048524294208185034,,,0.1602783203125,0.1602783203125,0.0009312629699707031,,0.0,0.0
110,110285,35,38.33494,Musashino_007_IchikawaOhno-FunabashiHoten_up_20240410_day,HD21,2024_0041_HD21_01_00004698.jpg,trolley2,770.0,778.0,769.0,779.0,10.0,0.3331817837308935,255.0,216.5,53.0625,0.04762020563391395,,,0.1602783203125,0.1602783203125,0.0009312629699707031,,0.0,0.0
110,110286,35,38.334942,Musashino_007_IchikawaOhno-FunabashiHoten_up_20240410_day,HD21,2024_0041_HD21_01_00004698.jpg,trolley2,770.0,778.0,769.0,779.0,10.0,0.3331817837308935,255.0,216.75,53.125,0.04654770098975496,,,0.1602783203125,0.1602783203125,0.0009312629699707031,,0.0,0.0
110,110287,35,38.334944,Musashino_007_IchikawaOhno-FunabashiHoten_up_20240410_day,HD21,2024_0041_HD21_01_00004698.jpg,trolley2,770.0,778.0,769.0,779.0,10.0,0.3331817837308935,255.0,216.125,53.8125,0.04532981134927968,,,0.1602783203125,0.16015625,0.0009312629699707031,,0.0,0.0
110,110288,35,38.334946,Musashino_007_IchikawaOhno-FunabashiHoten_up_20240410_day,HD21,2024_0041_HD21_01_00004698.jpg,trolley2,770.0,778.0,769.0,779.0,10.0,0.3331817837308935,252.0,214.875,55.40625,0.04398801619602661,,,0.1602783203125,0.16015625,0.0009312629699707031,,0.0,0.0
110,110289,35,38.334948,Musashino_007_IchikawaOhno-FunabashiHoten_up_20240410_day,HD21,2024_0041_HD21_01_00004698.jpg,trolley2,770.0,778.0,769.0,779.0,10.0,0.3331817837308935,252.0,215.875,54.78125,0.04254228401982194,,,0.1602783203125,0.16015625,0.0009312629699707031,,0.0,0.0
110,110290,35,38.33495,Musashino_007_IchikawaOhno-FunabashiHoten_up_20240410_day,HD21,2024_0041_HD21_01_00004698.jpg,trolley2,770.0,778.0,769.0,779.0,10.0,0.3331817837308935,253.0,216.875,54.21875,0.041011117043285944,,,0.16015625,0.16015625,0.0009312629699707031,,0.0,0.0
110,110291,35,38.334952,Musashino_007_IchikawaOhno-FunabashiHoten_up_20240410_day,HD21,2024_0041_HD21_01_00004698.jpg,trolley2,770.0,778.0,769.0,779.0,10.0,0.3331817837308935,254.0,217.625,53.6875,0.039411599412905216,,,0.16015625,0.16015625,0.0009312629699707031,,0.0,0.0
110,110292,35,38.334954,Musashino_007_IchikawaOhno-FunabashiHoten_up_20240410_day,HD21,2024_0041_HD21_01_00004698.jpg,trolley2,770.0,779.0,769.0,779.0,10.0,0.3331817837308935,255.0,218.625,53.03125,0.04049515647299684,,,0.16015625,0.16015625,0.0009312629699707031,,0.0,0.0
110,110293,35,38.334956,Musashino_007_IchikawaOhno-FunabashiHoten_up_20240410_day,HD21,2024_0041_HD21_01_00004698.jpg,trolley2,770.0,779.0,770.0,779.0,9.0,0.34757456870156617,255.0,231.25,40.25,0.04124672447527276,,,0.16015625,0.16015625,0.0009312629699707031,,0.0,0.0
110,110294,35,38.334958,Musashino_007_IchikawaOhno-FunabashiHoten_up_20240410_day,HD21,2024_0041_HD21_01_00004698.jpg,trolley2,770.0,779.0,770.0,779.0,9.0,0.3611149960940966,255.0,231.75,40.28125,0.041696023637121334,,,0.16015625,0.16015625,0.0009312629699707031,,0.0,0.0
110,110295,35,38.33496,Musashino_007_IchikawaOhno-FunabashiHoten_up_20240410_day,HD21,2024_0041_HD21_01_00004698.jpg,trolley2,770.0,779.0,770.0,779.0,9.0,0.3738956803681728,255.0,231.75,40.1875,0.041871399285115365,,,0.16015625,0.16015625,0.0009312629699707031,,0.0,0.0
110,110296,35,38.334962,Musashino_007_IchikawaOhno-FunabashiHoten_up_20240410_day,HD21,2024_0041_HD21_01_00004698.jpg,trolley2,770.0,779.0,770.0,779.0,9.0,0.38599209705627147,255.0,231.375,42.0625,0.04179980687837275,,,0.16015625,0.16015625,0.0009312629699707031,,0.0,0.0
110,110297,35,38.334964,Musashino_007_IchikawaOhno-FunabashiHoten_up_20240410_day,HD21,2024_0041_HD21_01_00004698.jpg,trolley2,770.0,779.0,770.0,779.0,9.0,0.3974667256259285,254.0,232.0,42.125,0.04150680616270219,,,0.16015625,0.16015625,0.0009312629699707031,,0.0,0.0
110,110298,35,38.334966,Musashino_007_IchikawaOhno-FunabashiHoten_up_20240410_day,HD21,2024_0041_HD21_01_00004698.jpg,trolley2,770.0,779.0,770.0,779.0,9.0,0.4083719833285285,255.0,232.0,42.6875,0.04101656355701621,,,0.16015625,0.1600341796875,0.0009312629699707031,,0.0,0.0
110,110299,35,38.334967999999996,Musashino_007_IchikawaOhno-FunabashiHoten_up_20240410_day,HD21,2024_0041_HD21_01_00004698.jpg,trolley2,770.0,779.0,770.0,779.0,9.0,0.4187523556393856,255.0,231.875,43.09375,0.04035186192002198,,,0.16015625,0.1600341796875,0.0009312629699707031,,0.0,0.0
110,110300,35,38.33497,Musashino_007_IchikawaOhno-FunabashiHoten_up_20240410_day,HD21,2024_0041_HD21_01_00004698.jpg,trolley2,770.0,779.0,770.0,779.0,9.0,0.42864597716224156,252.0,232.125,42.4375,0.039534116891641435,,,0.16015625,0.1600341796875,0.0009312629699707031,,0.0,0.0
110,110301,35,38.334972,Musashino_007_IchikawaOhno-FunabashiHoten_up_20240410_day,HD21,2024_0041_HD21_01_00004698.jpg,trolley2,770.0,779.0,770.0,780.0,10.0,0.42864597716224156,253.0,220.875,54.34375,0.03858339904973239,,,0.16015625,0.1600341796875,0.0009312629699707031,,0.0,0.0
110,110302,35,38.334974,Musashino_007_IchikawaOhno-FunabashiHoten_up_20240410_day,HD21,2024_0041_HD21_01_00004698.jpg,trolley2,770.0,779.0,770.0,780.0,10.0,0.41438770700537314,255.0,219.625,54.46875,0.037518461168257126,,,0.1600341796875,0.1600341796875,0.0009312629699707031,,0.0,0.0
110,110303,35,38.334976,Musashino_007_IchikawaOhno-FunabashiHoten_up_20240410_day,HD21,2024_0041_HD21_01_00004698.jpg,trolley2,771.0,779.0,770.0,780.0,10.0,0.39936818788550094,255.0,217.5,54.28125,0.03909247814294138,,,0.1600341796875,0.1600341796875,0.0009312629699707031,,0.0,0.0
110,110304,35,38.334978,Musashino_007_IchikawaOhno-FunabashiHoten_up_20240410_day,HD21,2024_0041_HD21_01_00004698.jpg,trolley2,771.0,779.0,770.0,780.0,10.0,0.39936818788550094,255.0,218.125,53.0,0.040292198881513426,,,0.1600341796875,0.1600341796875,0.0009312629699707031,,0.0,0.0
110,110305,35,38.33498,Musashino_007_IchikawaOhno-FunabashiHoten_up_20240410_day,HD21,2024_0041_HD21_01_00004698.jpg,trolley2,771.0,779.0,770.0,780.0,10.0,0.39936818788550094,254.0,219.125,52.09375,0.04114920301332302,,,0.1600341796875,0.1600341796875,0.0009312629699707031,,0.0,0.0
110,110306,35,38.334982,Musashino_007_IchikawaOhno-FunabashiHoten_up_20240410_day,HD21,2024_0041_HD21_01_00004698.jpg,trolley2,771.0,779.0,770.0,780.0,10.0,0.39936818788550094,255.0,220.25,51.125,0.0416937270944234,,,0.1600341796875,0.1600341796875,0.0009312629699707031,,0.0,0.0
110,110307,35,38.334984,Musashino_007_IchikawaOhno-FunabashiHoten_up_20240410_day,HD21,2024_0041_HD21_01_00004698.jpg,trolley2,771.0,779.0,770.0,780.0,10.0,0.39936818788550094,253.0,221.125,50.375,0.04195463604076765,,,0.1600341796875,0.1600341796875,0.0009312629699707031,,0.0,0.0
110,110308,35,38.334986,Musashino_007_IchikawaOhno-FunabashiHoten_up_20240410_day,HD21,2024_0041_HD21_01_00004698.jpg,trolley2,771.0,779.0,770.0,780.0,10.0,0.39936818788550094,255.0,219.625,50.625,0.04195940497740601,,,0.1600341796875,0.1600341796875,0.0009312629699707031,,0.0,0.0
110,110309,35,38.334988,Musashino_007_IchikawaOhno-FunabashiHoten_up_20240410_day,HD21,2024_0041_HD21_01_00004698.jpg,trolley2,771.0,779.0,770.0,780.0,10.0,0.39936818788550094,253.0,221.0,50.1875,0.041734110541520035,,,0.1600341796875,0.1600341796875,0.0009312629699707031,,0.0,0.0
110,110310,35,38.33499,Musashino_007_IchikawaOhno-FunabashiHoten_up_20240410_day,HD21,2024_0041_HD21_01_00004698.jpg,trolley2,771.0,779.0,770.0,780.0,10.0,0.39936818788550094,255.0,220.125,51.1875,0.04130343072345929,,,0.1600341796875,0.1600341796875,0.0009312629699707031,,0.0,0.0
110,110311,35,38.334992,Musashino_007_IchikawaOhno-FunabashiHoten_up_20240410_day,HD21,2024_0041_HD21_01_00004698.jpg,trolley2,771.0,779.0,770.0,780.0,10.0,0.39936818788550094,254.0,218.375,52.46875,0.040690652376554545,,,0.1600341796875,0.159912109375,0.0009312629699707031,,0.0,0.0
110,110312,35,38.334994,Musashino_007_IchikawaOhno-FunabashiHoten_up_20240410_day,HD21,2024_0041_HD21_01_00004698.jpg,trolley2,771.0,779.0,770.0,780.0,10.0,0.39936818788550094,255.0,221.125,50.125,0.0399176855731128,,,0.1600341796875,0.159912109375,0.0009312629699707031,,0.0,0.0
110,110313,35,38.334996,Musashino_007_IchikawaOhno-FunabashiHoten_up_20240410_day,HD21,2024_0041_HD21_01_00004698.jpg,trolley2,771.0,780.0,770.0,780.0,10.0,0.39936818788550094,255.0,221.5,49.28125,0.04174079226542871,,,0.1600341796875,0.159912109375,0.0009312629699707031,,0.0,0.0
110,110314,35,38.334998,Musashino_007_IchikawaOhno-FunabashiHoten_up_20240410_day,HD21,2024_0041_HD21_01_00004698.jpg,trolley2,771.0,780.0,770.0,780.0,10.0,0.39936818788550094,255.0,221.5,49.5,0.043149728443652016,,,0.1600341796875,0.159912109375,0.0009312629699707031,,0.0,0.0
110,110315,35,38.335,Musashino_007_IchikawaOhno-FunabashiHoten_up_20240410_day,HD21,2024_0041_HD21_01_00004698.jpg,trolley2,771.0,780.0,770.0,780.0,10.0,0.39936818788550094,255.0,221.875,49.5625,0.04417899254241611,,,0.159912109375,0.159912109375,0.0009312629699707031,,0.0,0.0
110,110316,35,38.335002,Musashino_007_IchikawaOhno-FunabashiHoten_up_20240410_day,HD21,2024_0041_HD21_01_00004698.jpg,trolley2,771.0,780.0,771.0,780.0,9.0,0.40898988651643525,255.0,233.75,36.53125,0.044861644672072314,,,0.159912109375,0.159912109375,0.0009312629699707031,,0.0,0.0
110,110317,35,38.335004,Musashino_007_IchikawaOhno-FunabashiHoten_up_20240410_day,HD21,2024_0041_HD21_01_00004698.jpg,trolley2,771.0,780.0,771.0,780.0,9.0,0.4181488788081157,255.0,234.125,36.0,0.04522927230988756,,,0.159912109375,0.159912109375,0.0009312629699707031,,0.0,0.0
110,110318,35,38.335006,Musashino_007_IchikawaOhno-FunabashiHoten_up_20240410_day,HD21,2024_0041_HD21_01_00004698.jpg,trolley2,771.0,780.0,771.0,780.0,9.0,0.42687494916218915,254.0,232.625,38.5625,0.0453119675449734,,,0.159912109375,0.159912109375,0.0009312629699707031,,0.0,0.0
110,110319,35,38.335008,Musashino_007_IchikawaOhno-FunabashiHoten_up_20240410_day,HD21,2024_0041_HD21_01_00004698.jpg,trolley2,771.0,780.0,771.0,780.0,9.0,0.4351941398892439,255.0,230.25,41.96875,0.04513831482403109,,,0.159912109375,0.159912109375,0.0009312629699707031,,0.0,0.0
110,110320,35,38.33501,Musashino_007_IchikawaOhno-FunabashiHoten_up_20240410_day,HD21,2024_0041_HD21_01_00004698.jpg,trolley2,771.0,780.0,771.0,780.0,9.0,0.4431293675255972,253.0,231.125,42.28125,0.044735388194843656,,,0.159912109375,0.159912109375,0.0009312629699707031,,0.0,0.0
110,110321,35,38.335012,Musashino_007_IchikawaOhno-FunabashiHoten_up_20240410_day,HD21,2024_0041_HD21_01_00004698.jpg,trolley2,771.0,780.0,771.0,780.0,9.0,0.4353101761904366,254.0,232.75,41.15625,0.044128757094700245,,,0.159912109375,0.159912109375,0.0009312629699707031,,0.0,0.0
110,110322,35,38.335014,Musashino_007_IchikawaOhno-FunabashiHoten_up_20240410_day,HD21,2024_0041_HD21_01_00004698.jpg,trolley2,771.0,780.0,771.0,780.0,9.0,0.42640143271122033,255.0,234.375,40.5,0.043342499781282705,,,0.159912109375,0.159912109375,0.0009312629699707031,,0.0,0.0
110,110323,35,38.335016,Musashino_007_IchikawaOhno-FunabashiHoten_up_20240410_day,HD21,2024_0041_HD21_01_00004698.jpg,trolley2,771.0,780.0,771.0,781.0,10.0,0.40936018074033187,255.0,222.75,54.03125,0.04239922355370352,,,0.159912109375,0.159912109375,0.0009312629699707031,,0.0,0.0
110,110324,35,38.335018,Musashino_007_IchikawaOhno-FunabashiHoten_up_20240410_day,HD21,2024_0041_HD21_01_00004698.jpg,trolley2,771.0,780.0,771.0,781.0,10.0,0.40936018074033187,255.0,222.25,54.53125,0.041320090961082065,,,0.159912109375,0.159912109375,0.0009312629699707031,,0.0,0.0
110,110325,35,38.33502,Musashino_007_IchikawaOhno-FunabashiHoten_up_20240410_day,HD21,2024_0041_HD21_01_00004698.jpg,trolley2,771.0,780.0,771.0,781.0,10.0,0.40936018074033187,255.0,222.125,54.3125,0.04012485124508619,,,0.159912109375,0.1597900390625,0.0009312629699707031,,0.0,0.0
110,110326,35,38.335022,Musashino_007_IchikawaOhno-FunabashiHoten_up_20240410_day,HD21,2024_0041_HD21_01_00004698.jpg,trolley2,771.0,780.0,771.0,781.0,10.0,0.40936018074033187,255.0,223.125,52.6875,0.0388318763110186,,,0.159912109375,0.1597900390625,0.0009312629699707031,,0.0,0.0
110,110327,35,38.335024,Musashino_007_IchikawaOhno-FunabashiHoten_up_20240410_day,HD21,2024_0041_HD21_01_00004698.jpg,trolley2,771.0,780.0,771.0,781.0,10.0,0.40936018074033187,255.0,224.125,50.9375,0.03745820056914056,,,0.159912109375,0.1597900390625,0.0009312629699707031,,0.0,0.0
110,110328,35,38.335026,Musashino_007_IchikawaOhno-FunabashiHoten_up_20240410_day,HD21,2024_0041_HD21_01_00004698.jpg,trolley2,771.0,780.0,771.0,781.0,10.0,0.40936018074033187,253.0,224.5,50.28125,0.03601956403383567,,,0.159912109375,0.1597900390625,0.0009312629699707031,,0.0,0.0
110,110329,35,38.335028,Musashino_007_IchikawaOhno-FunabashiHoten_up_20240410_day,HD21,2024_0041_HD21_01_00004698.jpg,trolley2,771.0,780.0,771.0,781.0,10.0,0.40936018074033187,254.0,223.75,51.40625,0.03453045811280265,,,0.159912109375,0.1597900390625,0.0009312629699707031,,0.0,0.0
110,110330,35,38.33503,Musashino_007_IchikawaOhno-FunabashiHoten_up_20240410_day,HD21,2024_0041_HD21_01_00004698.jpg,trolley2,771.0,780.0,771.0,781.0,10.0,0.40936018074033187,255.0,220.5,52.6875,0.03300417356160548,,,0.1597900390625,0.1597900390625,0.0009312629699707031,,0.0,0.0
110,110331,35,38.335032,Musashino_007_IchikawaOhno-FunabashiHoten_up_20240410_day,HD21,2024_0041_HD21_01_00004698.jpg,trolley2,772.0,780.0,771.0,781.0,10.0,0.40936018074033187,255.0,220.75,51.71875,0.034188558355603506,,,0.1597900390625,0.1597900390625,0.0009312629699707031,,0.0,0.0
110,110332,35,38.335034,Musashino_007_IchikawaOhno-FunabashiHoten_up_20240410_day,HD21,2024_0041_HD21_01_00004698.jpg,trolley2,772.0,781.0,771.0,781.0,10.0,0.40936018074033187,254.0,224.125,48.125,0.03780089319347865,,,0.1597900390625,0.1597900390625,0.0009312629699707031,,0.0,0.0
110,110333,35,38.335036,Musashino_007_IchikawaOhno-FunabashiHoten_up_20240410_day,HD21,2024_0041_HD21_01_00004698.jpg,trolley2,772.0,781.0,771.0,781.0,10.0,0.40936018074033187,252.0,224.5,48.125,0.04083827758690155,,,0.1597900390625,0.1597900390625,0.0009312629699707031,,0.0,0.0
110,110334,35,38.335038,Musashino_007_IchikawaOhno-FunabashiHoten_up_20240410_day,HD21,2024_0041_HD21_01_00004698.jpg,trolley2,772.0,781.0,771.0,781.0,10.0,0.40936018074033187,255.0,223.625,50.0625,0.043342684821995416,,,0.1597900390625,0.1597900390625,0.0009312629699707031,,0.0,0.0
110,110335,35,38.33504,Musashino_007_IchikawaOhno-FunabashiHoten_up_20240410_day,HD21,2024_0041_HD21_01_00004698.jpg,trolley2,772.0,781.0,771.0,781.0,10.0,0.40936018074033187,255.0,225.125,50.03125,0.04535472690896314,,,0.1597900390625,0.1597900390625,0.0009312629699707031,,0.0,0.0
110,110336,35,38.335042,Musashino_007_IchikawaOhno-FunabashiHoten_up_20240410_day,HD21,2024_0041_HD21_01_00004698.jpg,trolley2,771.0,780.0,771.0,781.0,10.0,0.40936018074033187,255.0,223.375,49.21875,0.04144215463171607,,,0.1597900390625,0.1597900390625,0.0009312629699707031,,0.0,0.0
110,110337,35,38.335043999999996,Musashino_007_IchikawaOhno-FunabashiHoten_up_20240410_day,HD21,2024_0041_HD21_01_00004698.jpg,trolley2,772.0,781.0,771.0,781.0,10.0,0.40936018074033187,254.0,225.25,48.25,0.043172974165317,,,0.1597900390625,0.1597900390625,0.0009312629699707031,,0.0,0.0
110,110338,35,38.335046,Musashino_007_IchikawaOhno-FunabashiHoten_up_20240410_day,HD21,2024_0041_HD21_01_00004698.jpg,trolley2,771.0,781.0,771.0,781.0,10.0,0.40936018074033187,252.0,228.125,44.8125,0.04175548369090618,,,0.1597900390625,0.1597900390625,0.0009312629699707031,,0.0,0.0
110,110339,35,38.335048,Musashino_007_IchikawaOhno-FunabashiHoten_up_20240410_day,HD21,2024_0041_HD21_01_00004698.jpg,trolley2,772.0,781.0,771.0,781.0,10.0,0.40936018074033187,253.0,227.5,46.3125,0.04298969350662851,,,0.1597900390625,0.1597900390625,0.0009312629699707031,,0.0,0.0
110,110340,35,38.33505,Musashino_007_IchikawaOhno-FunabashiHoten_up_20240410_day,HD21,2024_0041_HD21_01_00004698.jpg,trolley2,772.0,781.0,771.0,781.0,10.0,0.40936018074033187,255.0,225.5,48.4375,0.04386291288432061,,,0.1597900390625,0.1597900390625,0.0009312629699707031,,0.0,0.0
110,110341,35,38.335052,Musashino_007_IchikawaOhno-FunabashiHoten_up_20240410_day,HD21,2024_0041_HD21_01_00004698.jpg,trolley2,772.0,781.0,772.0,781.0,9.0,0.41633319989322615,255.0,235.625,35.34375,0.04440715191026249,,,0.1597900390625,0.1597900390625,0.0009312629699707031,,0.0,0.0
110,110342,35,38.335054,Musashino_007_IchikawaOhno-FunabashiHoten_up_20240410_day,HD21,2024_0041_HD21_01_00004698.jpg,trolley2,772.0,781.0,772.0,781.0,9.0,0.4229525846816503,255.0,236.75,35.40625,0.04465295857363686,,,0.1597900390625,0.15966796875,0.0009312629699707031,,0.0,0.0
110,110343,35,38.335056,Musashino_007_IchikawaOhno-FunabashiHoten_up_20240410_day,HD21,2024_0041_HD21_01_00004698.jpg,trolley2,772.0,781.0,772.0,781.0,9.0,0.42923469599092756,255.0,238.25,32.53125,0.0446294006252298,,,0.1597900390625,0.15966796875,0.0009312629699707031,,0.0,0.0
110,110344,35,38.335058,Musashino_007_IchikawaOhno-FunabashiHoten_up_20240410_day,HD21,2024_0041_HD21_01_00004698.jpg,trolley2,772.0,781.0,772.0,781.0,9.0,0.4351941398892443,253.0,238.25,32.71875,0.0443640573838753,,,0.1597900390625,0.15966796875,0.0009312629699707031,,0.0,0.0
110,110345,35,38.33506,Musashino_007_IchikawaOhno-FunabashiHoten_up_20240410_day,HD21,2024_0041_HD21_01_00004698.jpg,trolley2,772.0,781.0,772.0,781.0,9.0,0.44084400227680787,253.0,236.75,35.4375,0.04388302052171994,,,0.1597900390625,0.15966796875,0.0009312629699707031,,0.0,0.0
110,110346,35,38.335062,Musashino_007_IchikawaOhno-FunabashiHoten_up_20240410_day,HD21,2024_0041_HD21_01_00004698.jpg,trolley2,772.0,781.0,772.0,781.0,9.0,0.4461960433384735,253.0,235.25,37.625,0.04321090290899691,,,0.1597900390625,0.15966796875,0.0009312629699707031,,0.0,0.0
110,110347,35,38.335064,Musashino_007_IchikawaOhno-FunabashiHoten_up_20240410_day,HD21,2024_0041_HD21_01_00004698.jpg,trolley2,772.0,781.0,772.0,782.0,10.0,0.4461960433384735,252.0,223.375,52.53125,0.042370854648589154,,,0.1597900390625,0.15966796875,0.0009312629699707031,,0.0,0.0
110,110348,35,38.335066,Musashino_007_IchikawaOhno-FunabashiHoten_up_20240410_day,HD21,2024_0041_HD21_01_00004698.jpg,trolley2,772.0,781.0,772.0,782.0,10.0,0.4461960433384735,252.0,223.875,51.78125,0.04138458547994937,,,0.15966796875,0.15966796875,0.0009312629699707031,,0.0,0.0
110,110349,35,38.335068,Musashino_007_IchikawaOhno-FunabashiHoten_up_20240410_day,HD21,2024_0041_HD21_01_00004698.jpg,trolley2,772.0,781.0,772.0,782.0,10.0,0.4461960433384735,252.0,224.5,50.46875,0.04027239278070815,,,0.15966796875,0.15966796875,0.0009312629699707031,,0.0,0.0
110,110350,35,38.33507,Musashino_007_IchikawaOhno-FunabashiHoten_up_20240410_day,HD21,2024_0041_HD21_01_00004698.jpg,trolley2,772.0,781.0,772.0,782.0,10.0,0.44084400227680787,254.0,225.125,49.21875,0.039053194442313706,,,0.15966796875,0.15966796875,0.0009312629699707031,,0.0,0.0
110,110351,35,38.335072,Musashino_007_IchikawaOhno-FunabashiHoten_up_20240410_day,HD21,2024_0041_HD21_01_00004698.jpg,trolley2,772.0,781.0,772.0,782.0,10.0,0.44084400227680787,255.0,225.875,48.03125,0.03774456594312151,,,0.15966796875,0.15966796875,0.0009312629699707031,,0.0,0.0
110,110352,35,38.335074,Musashino_007_IchikawaOhno-FunabashiHoten_up_20240410_day,HD21,2024_0041_HD21_01_00004698.jpg,trolley2,772.0,781.0,772.0,782.0,10.0,0.44084400227680787,255.0,227.0,46.21875,0.03636278098833853,,,0.15966796875,0.15966796875,0.0009312629699707031,,0.0,0.0
110,110353,35,38.335076,Musashino_007_IchikawaOhno-FunabashiHoten_up_20240410_day,HD21,2024_0041_HD21_01_00004698.jpg,trolley2,772.0,781.0,772.0,782.0,10.0,0.44084400227680787,255.0,228.375,45.46875,0.034922855130974303,,,0.15966796875,0.15966796875,0.0009312629699707031,,0.0,0.0
110,110354,35,38.335078,Musashino_007_IchikawaOhno-FunabashiHoten_up_20240410_day,HD21,2024_0041_HD21_01_00004698.jpg,trolley2,772.0,781.0,772.0,782.0,10.0,0.44084400227680787,255.0,228.125,45.84375,0.03343859183133877,,,0.15966796875,0.15966796875,0.0009312629699707031,,0.0,0.0
110,110355,35,38.33508,Musashino_007_IchikawaOhno-FunabashiHoten_up_20240410_day,HD21,2024_0041_HD21_01_00004698.jpg,trolley2,772.0,781.0,772.0,782.0,10.0,0.44084400227680787,255.0,228.125,45.625,0.03192263045457056,,,0.15966796875,0.15966796875,0.0009312629699707031,,0.0,0.0
110,110356,35,38.335082,Musashino_007_IchikawaOhno-FunabashiHoten_up_20240410_day,HD21,2024_0041_HD21_01_00004698.jpg,trolley2,772.0,781.0,772.0,782.0,10.0,0.44084400227680787,254.0,227.875,45.53125,0.030386495746080443,,,0.15966796875,0.15966796875,0.0009312629699707031,,0.0,0.0
110,110357,35,38.335084,Musashino_007_IchikawaOhno-FunabashiHoten_up_20240410_day,HD21,2024_0041_HD21_01_00004698.jpg,trolley2,772.0,782.0,772.0,782.0,10.0,0.44084400227680787,253.0,229.875,44.125,0.03157635659866377,,,0.15966796875,0.15966796875,0.0009312629699707031,,0.0,0.0
110,110358,35,38.335086,Musashino_007_IchikawaOhno-FunabashiHoten_up_20240410_day,HD21,2024_0041_HD21_01_00004698.jpg,trolley2,772.0,782.0,772.0,782.0,10.0,0.44084400227680787,254.0,230.0,44.71875,0.032472193649298944,,,0.15966796875,0.15966796875,0.0009312629699707031,,0.0,0.0
110,110359,35,38.335088,Musashino_007_IchikawaOhno-FunabashiHoten_up_20240410_day,HD21,2024_0041_HD21_01_00004698.jpg,trolley2,772.0,782.0,772.0,782.0,10.0,0.44084400227680787,253.0,228.625,45.28125,0.033099068793970475,,,0.15966796875,0.15966796875,0.0009312629699707031,,0.0,0.0
110,110360,35,38.33509,Musashino_007_IchikawaOhno-FunabashiHoten_up_20240410_day,HD21,2024_0041_HD21_01_00004698.jpg,trolley2,772.0,782.0,772.0,782.0,10.0,0.44084400227680787,254.0,229.5,46.125,0.03348096152220731,,,0.15966796875,0.15966796875,0.0009312629699707031,,0.0,0.0
110,110361,35,38.335092,Musashino_007_IchikawaOhno-FunabashiHoten_up_20240410_day,HD21,2024_0041_HD21_01_00004698.jpg,trolley2,772.0,782.0,772.0,782.0,10.0,0.44084400227680787,255.0,231.125,44.5625,0.03364074802124553,,,0.15966796875,0.15966796875,0.0009312629699707031,,0.0,0.0
110,110362,35,38.335094,Musashino_007_IchikawaOhno-FunabashiHoten_up_20240410_day,HD21,2024_0041_HD21_01_00004698.jpg,trolley2,772.0,782.0,772.0,782.0,10.0,0.44084400227680787,255.0,232.125,43.03125,0.03360018844627034,,,0.15966796875,0.1595458984375,0.0009312629699707031,,0.0,0.0
110,110363,35,38.335096,Musashino_007_IchikawaOhno-FunabashiHoten_up_20240410_day,HD21,2024_0041_HD21_01_00004698.jpg,trolley2,772.0,782.0,772.0,782.0,10.0,0.44084400227680787,255.0,232.0,42.90625,0.03337992159420021,,,0.15966796875,0.1595458984375,0.0009312629699707031,,0.0,0.0
110,110364,35,38.335098,Musashino_007_IchikawaOhno-FunabashiHoten_up_20240410_day,HD21,2024_0041_HD21_01_00004698.jpg,trolley2,772.0,782.0,772.0,782.0,10.0,0.44084400227680787,253.0,230.125,44.0625,0.03299946625567135,,,0.15966796875,0.1595458984375,0.0009312629699707031,,0.0,0.0
110,110365,35,38.3351,Musashino_007_IchikawaOhno-FunabashiHoten_up_20240410_day,HD21,2024_0041_HD21_01_00004698.jpg,trolley2,773.0,782.0,772.0,782.0,10.0,0.44084400227680787,251.0,229.0,44.5625,0.03521293679233354,,,0.15966796875,0.1595458984375,0.0009312629699707031,,0.0,0.0
110,110366,35,38.335102,Musashino_007_IchikawaOhno-FunabashiHoten_up_20240410_day,HD21,2024_0041_HD21_01_00004698.jpg,trolley2,773.0,782.0,772.0,782.0,10.0,0.44084400227680787,253.0,230.125,43.875,0.03700817221100285,,,0.15966796875,0.1595458984375,0.0009312629699707031,,0.0,0.0
110,110367,35,38.335104,Musashino_007_IchikawaOhno-FunabashiHoten_up_20240410_day,HD21,2024_0041_HD21_01_00004698.jpg,trolley2,773.0,782.0,772.0,782.0,10.0,0.44084400227680787,255.0,232.0,42.40625,0.038417971558160374,,,0.15966796875,0.1595458984375,0.0009312629699707031,,0.0,0.0
110,110368,35,38.335106,Musashino_007_IchikawaOhno-FunabashiHoten_up_20240410_day,HD21,2024_0041_HD21_01_00004698.jpg,trolley2,773.0,782.0,772.0,782.0,10.0,0.44084400227680787,255.0,231.5,43.375,0.039473900274547676,,,0.15966796875,0.1595458984375,0.0009312629699707031,,0.0,0.0
110,110369,35,38.335108,Musashino_007_IchikawaOhno-FunabashiHoten_up_20240410_day,HD21,2024_0041_HD21_01_00004698.jpg,trolley2,773.0,782.0,772.0,782.0,10.0,0.44084400227680787,255.0,231.5,43.46875,0.04020624320185468,,,0.1595458984375,0.1595458984375,0.0009312629699707031,,0.0,0.0
110,110370,35,38.33511,Musashino_007_IchikawaOhno-FunabashiHoten_up_20240410_day,HD21,2024_0041_HD21_01_00004698.jpg,trolley2,773.0,782.0,773.0,782.0,9.0,0.4461960433384735,255.0,241.375,27.21875,0.040643969385094646,,,0.1595458984375,0.1595458984375,0.0009312629699707031,,0.0,0.0
110,110371,35,38.335112,Musashino_007_IchikawaOhno-FunabashiHoten_up_20240410_day,HD21,2024_0041_HD21_01_00004698.jpg,trolley2,773.0,782.0,773.0,782.0,9.0,0.4461960433384735,255.0,240.5,28.390625,0.04081470766117451,,,0.1595458984375,0.1595458984375,0.0009312629699707031,,0.0,0.0
110,110372,35,38.335114,Musashino_007_IchikawaOhno-FunabashiHoten_up_20240410_day,HD21,2024_0041_HD21_01_00004698.jpg,trolley2,773.0,782.0,773.0,782.0,9.0,0.4461960433384735,252.0,240.125,29.40625,0.04074473206802183,,,0.1595458984375,0.1595458984375,0.0009312629699707031,,0.0,0.0
110,110373,35,38.335116,Musashino_007_IchikawaOhno-FunabashiHoten_up_20240410_day,HD21,2024_0041_HD21_01_00004698.jpg,trolley2,773.0,782.0,773.0,782.0,9.0,0.4461960433384735,253.0,239.25,30.875,0.04045895615330878,,,0.1595458984375,0.1595458984375,0.0009312629699707031,,0.0,0.0
110,110374,35,38.335118,Musashino_007_IchikawaOhno-FunabashiHoten_up_20240410_day,HD21,2024_0041_HD21_01_00004698.jpg,trolley2,773.0,782.0,773.0,782.0,9.0,0.4461960433384735,253.0,238.0,31.828125,0.03998093530697143,,,0.1595458984375,0.1595458984375,0.0009312629699707031,,0.0,0.0
110,110375,35,38.335119999999996,Musashino_007_IchikawaOhno-FunabashiHoten_up_20240410_day,HD21,2024_0041_HD21_01_00004698.jpg,trolley2,773.0,782.0,773.0,783.0,10.0,0.44084400227680787,253.0,228.0,45.375,0.03933287628707464,,,0.1595458984375,0.1595458984375,0.0009312629699707031,,0.0,0.0
110,110376,35,38.335122,Musashino_007_IchikawaOhno-FunabashiHoten_up_20240410_day,HD21,2024_0041_HD21_01_00004698.jpg,trolley2,773.0,782.0,773.0,783.0,10.0,0.44084400227680787,255.0,228.0,44.25,0.038535653153839576,,,0.1595458984375,0.1595458984375,0.0009312629699707031,,0.0,0.0
110,110377,35,38.335124,Musashino_007_IchikawaOhno-FunabashiHoten_up_20240410_day,HD21,2024_0041_HD21_01_00004698.jpg,trolley2,773.0,782.0,773.0,783.0,10.0,0.44084400227680787,255.0,230.5,41.3125,0.037608828871610676,,,0.1595458984375,0.1595458984375,0.0009312629699707031,,0.0,0.0
110,110378,35,38.335126,Musashino_007_IchikawaOhno-FunabashiHoten_up_20240410_day,HD21,2024_0041_HD21_01_00004698.jpg,trolley2,773.0,782.0,773.0,783.0,10.0,0.44084400227680787,255.0,230.875,40.625,0.03657068188296166,,,0.1595458984375,0.1595458984375,0.0009312629699707031,,0.0,0.0
110,110379,35,38.335128,Musashino_007_IchikawaOhno-FunabashiHoten_up_20240410_day,HD21,2024_0041_HD21_01_00004698.jpg,trolley2,773.0,782.0,773.0,783.0,10.0,0.44084400227680787,255.0,229.5,43.0625,0.03543823700283639,,,0.1595458984375,0.1595458984375,0.0009312629699707031,,0.0,0.0
110,110380,35,38.33513,Musashino_007_IchikawaOhno-FunabashiHoten_up_20240410_day,HD21,2024_0041_HD21_01_00004698.jpg,trolley2,773.0,782.0,773.0,783.0,10.0,0.44084400227680787,255.0,229.625,43.6875,0.034227300023449536,,,0.1595458984375,0.1595458984375,0.0009312629699707031,,0.0,0.0
110,110381,35,38.335132,Musashino_007_IchikawaOhno-FunabashiHoten_up_20240410_day,HD21,2024_0041_HD21_01_00004698.jpg,trolley2,773.0,783.0,773.0,783.0,10.0,0.44084400227680787,254.0,231.0,41.96875,0.035688203697515256,,,0.1595458984375,0.1595458984375,0.0009312629699707031,,0.0,0.0
110,110382,35,38.335134,Musashino_007_IchikawaOhno-FunabashiHoten_up_20240410_day,HD21,2024_0041_HD21_01_00004698.jpg,trolley2,773.0,783.0,773.0,783.0,10.0,0.44084400227680787,254.0,231.125,41.53125,0.036804964495120995,,,0.1595458984375,0.1595458984375,0.0009312629699707031,,0.0,0.0
110,110383,35,38.335136,Musashino_007_IchikawaOhno-FunabashiHoten_up_20240410_day,HD21,2024_0041_HD21_01_00004698.jpg,trolley2,773.0,783.0,773.0,783.0,10.0,0.44084400227680787,253.0,230.875,42.625,0.03760654308379055,,,0.1595458984375,0.1595458984375,0.0009312629699707031,,0.0,0.0
110,110384,35,38.335138,Musashino_007_IchikawaOhno-FunabashiHoten_up_20240410_day,HD21,2024_0041_HD21_01_00004698.jpg,trolley2,773.0,782.0,773.0,783.0,10.0,0.44084400227680787,255.0,228.125,44.90625,0.035384965063831784,,,0.1595458984375,0.1595458984375,0.0009312629699707031,,0.0,0.0
110,110385,35,38.33514,Musashino_007_IchikawaOhno-FunabashiHoten_up_20240410_day,HD21,2024_0041_HD21_01_00004698.jpg,trolley2,773.0,783.0,773.0,783.0,10.0,0.44084400227680787,255.0,231.375,43.46875,0.03593188609180819,,,0.1595458984375,0.1595458984375,0.0009312629699707031,,0.0,0.0
110,110386,35,38.335142,Musashino_007_IchikawaOhno-FunabashiHoten_up_20240410_day,HD21,2024_0041_HD21_01_00004698.jpg,trolley2,773.0,783.0,773.0,783.0,10.0,0.44084400227680787,254.0,232.75,44.53125,0.036226473148596,,,0.1595458984375,0.1595458984375,0.0009312629699707031,,0.0,0.0
110,110387,35,38.335144,Musashino_007_IchikawaOhno-FunabashiHoten_up_20240410_day,HD21,2024_0041_HD21_01_00004698.jpg,trolley2,773.0,783.0,773.0,783.0,10.0,0.44084400227680787,255.0,230.875,45.15625,0.0362928292897609,,,0.1595458984375,0.159423828125,0.0009312629699707031,,0.0,0.0
110,110388,35,38.335146,Musashino_007_IchikawaOhno-FunabashiHoten_up_20240410_day,HD21,2024_0041_HD21_01_00004698.jpg,trolley2,773.0,783.0,773.0,783.0,10.0,0.44084400227680787,255.0,229.75,45.0,0.036153850021764404,,,0.1595458984375,0.159423828125,0.0009312629699707031,,0.0,0.0
110,110389,35,38.335148,Musashino_007_IchikawaOhno-FunabashiHoten_up_20240410_day,HD21,2024_0041_HD21_01_00004698.jpg,trolley2,773.0,783.0,773.0,783.0,10.0,0.44084400227680787,255.0,231.125,43.84375,0.03583122109009155,,,0.1595458984375,0.159423828125,0.0009312629699707031,,0.0,0.0
110,110390,35,38.33515,Musashino_007_IchikawaOhno-FunabashiHoten_up_20240410_day,HD21,2024_0041_HD21_01_00004698.jpg,trolley2,773.0,783.0,773.0,783.0,10.0,0.44084400227680787,253.0,232.0,44.34375,0.03534542311189243,,,0.1595458984375,0.159423828125,0.0009312629699707031,,0.0,0.0
110,110391,35,38.335152,Musashino_007_IchikawaOhno-FunabashiHoten_up_20240410_day,HD21,2024_0041_HD21_01_00004698.jpg,trolley2,773.0,783.0,773.0,783.0,10.0,0.44084400227680787,250.0,230.875,45.5625,0.03471574233028117,,,0.1595458984375,0.159423828125,0.0009312629699707031,,0.0,0.0
110,110392,35,38.335154,Musashino_007_IchikawaOhno-FunabashiHoten_up_20240410_day,HD21,2024_0041_HD21_01_00004698.jpg,trolley2,773.0,783.0,773.0,783.0,10.0,0.44084400227680787,254.0,231.875,44.96875,0.03396028680760241,,,0.1595458984375,0.159423828125,0.0009312629699707031,,0.0,0.0
110,110393,35,38.335156,Musashino_007_IchikawaOhno-FunabashiHoten_up_20240410_day,HD21,2024_0041_HD21_01_00004698.jpg,trolley2,774.0,783.0,773.0,783.0,10.0,0.4351941398892443,255.0,230.875,44.59375,0.035831715649854566,,,0.1595458984375,0.159423828125,0.0009312629699707031,,0.0,0.0
110,110394,35,38.335158,Musashino_007_IchikawaOhno-FunabashiHoten_up_20240410_day,HD21,2024_0041_HD21_01_00004698.jpg,trolley2,774.0,783.0,773.0,783.0,10.0,0.42923469599092756,255.0,229.0,45.3125,0.0373163805808518,,,0.159423828125,0.159423828125,0.0009312629699707031,,0.0,0.0
110,110395,35,38.33516,Musashino_007_IchikawaOhno-FunabashiHoten_up_20240410_day,HD21,2024_0041_HD21_01_00004698.jpg,trolley2,774.0,783.0,773.0,783.0,10.0,0.4229525846816503,255.0,230.875,43.78125,0.03844557273811156,,,0.159423828125,0.159423828125,0.0009312629699707031,,0.0,0.0
110,110396,35,38.335162,Musashino_007_IchikawaOhno-FunabashiHoten_up_20240410_day,HD21,2024_0041_HD21_01_00004698.jpg,trolley2,774.0,783.0,773.0,783.0,10.0,0.41633319989322615,254.0,231.375,43.75,0.039249339379799256,,,0.159423828125,0.159423828125,0.0009312629699707031,,0.0,0.0
110,110397,35,38.335164,Musashino_007_IchikawaOhno-FunabashiHoten_up_20240410_day,HD21,2024_0041_HD21_01_00004698.jpg,trolley2,774.0,783.0,773.0,783.0,10.0,0.40936018074033187,253.0,232.0,43.28125,0.0397564462449879,,,0.159423828125,0.159423828125,0.0009312629699707031,,0.0,0.0
110,110398,35,38.335166,Musashino_007_IchikawaOhno-FunabashiHoten_up_20240410_day,HD21,2024_0041_HD21_01_00004698.jpg,trolley2,774.0,783.0,774.0,783.0,9.0,0.40936018074033187,252.0,241.5,25.875,0.03999435076143887,,,0.159423828125,0.159423828125,0.0009312629699707031,,0.0,0.0
110,110399,35,38.335168,Musashino_007_IchikawaOhno-FunabashiHoten_up_20240410_day,HD21,2024_0041_HD21_01_00004698.jpg,trolley2,774.0,783.0,774.0,783.0,9.0,0.40936018074033187,255.0,240.5,28.265625,0.03998918514203852,,,0.159423828125,0.159423828125,0.0009312629699707031,,0.0,0.0
110,110400,35,38.33517,Musashino_007_IchikawaOhno-FunabashiHoten_up_20240410_day,HD21,2024_0041_HD21_01_00004698.jpg,trolley2,774.0,783.0,774.0,783.0,9.0,0.40936018074033187,254.0,241.75,24.390625,0.03976574845464706,,,0.159423828125,0.159423828125,0.0009312629699707031,,0.0,0.0
110,110401,35,38.335172,Musashino_007_IchikawaOhno-FunabashiHoten_up_20240410_day,HD21,2024_0041_HD21_01_00004698.jpg,trolley2,774.0,783.0,774.0,783.0,9.0,0.41633319989322615,254.0,242.75,24.125,0.0393475067942874,,,0.159423828125,0.159423828125,0.0009312629699707031,,0.0,0.0
110,110402,35,38.335174,Musashino_007_IchikawaOhno-FunabashiHoten_up_20240410_day,HD21,2024_0041_HD21_01_00004698.jpg,trolley2,774.0,784.0,774.0,784.0,10.0,0.41633319989322615,254.0,231.75,42.15625,0.041492308966099574,,,0.159423828125,0.159423828125,0.0009312629699707031,,0.0,0.0
110,110403,35,38.335176,Musashino_007_IchikawaOhno-FunabashiHoten_up_20240410_day,HD21,2024_0041_HD21_01_00004698.jpg,trolley2,774.0,784.0,774.0,784.0,10.0,0.41633319989322615,254.0,231.25,43.0625,0.04319151681903934,,,0.159423828125,0.159423828125,0.0009312629699707031,,0.0,0.0
110,110404,35,38.335178,Musashino_007_IchikawaOhno-FunabashiHoten_up_20240410_day,HD21,2024_0041_HD21_01_00004698.jpg,trolley2,774.0,784.0,774.0,784.0,10.0,0.41633319989322615,254.0,230.125,44.34375,0.04448124292932183,,,0.159423828125,0.159423828125,0.0009312629699707031,,0.0,0.0
110,110405,35,38.33518,Musashino_007_IchikawaOhno-FunabashiHoten_up_20240410_day,HD21,2024_0041_HD21_01_00004698.jpg,trolley2,774.0,784.0,774.0,784.0,10.0,0.41633319989322615,254.0,229.75,44.5,0.0453961601559357,,,0.159423828125,0.159423828125,0.0009312629699707031,,0.0,0.0
110,110406,35,38.335182,Musashino_007_IchikawaOhno-FunabashiHoten_up_20240410_day,HD21,2024_0041_HD21_01_00004698.jpg,trolley2,774.0,784.0,774.0,784.0,10.0,0.41633319989322615,254.0,230.25,44.28125,0.0459694586497716,,,0.159423828125,0.159423828125,0.0009312629699707031,,0.0,0.0
110,110407,35,38.335184,Musashino_007_IchikawaOhno-FunabashiHoten_up_20240410_day,HD21,2024_0041_HD21_01_00004698.jpg,trolley2,774.0,784.0,774.0,784.0,10.0,0.41633319989322615,254.0,231.125,43.53125,0.04623281535638192,,,0.159423828125,0.159423828125,0.0009312629699707031,,0.0,0.0
110,110408,35,38.335186,Musashino_007_IchikawaOhno-FunabashiHoten_up_20240410_day,HD21,2024_0041_HD21_01_00004698.jpg,trolley2,774.0,784.0,774.0,784.0,10.0,0.41633319989322615,255.0,231.875,42.46875,0.04621637490603075,,,0.159423828125,0.159423828125,0.0009312629699707031,,0.0,0.0
110,110409,35,38.335188,Musashino_007_IchikawaOhno-FunabashiHoten_up_20240410_day,HD21,2024_0041_HD21_01_00004698.jpg,trolley2,774.0,784.0,774.0,784.0,10.0,0.41633319989322615,254.0,233.375,41.125,0.045948740835136004,,,0.159423828125,0.159423828125,0.0009312629699707031,,0.0,0.0
110,110410,35,38.33519,Musashino_007_IchikawaOhno-FunabashiHoten_up_20240410_day,HD21,2024_0041_HD21_01_00004698.jpg,trolley2,774.0,784.0,774.0,784.0,10.0,0.41633319989322615,254.0,230.75,43.84375,0.0454569761342864,,,0.159423828125,0.159423828125,0.0009312629699707031,,0.0,0.0
110,110411,35,38.335192,Musashino_007_IchikawaOhno-FunabashiHoten_up_20240410_day,HD21,2024_0041_HD21_01_00004698.jpg,trolley2,774.0,784.0,774.0,784.0,10.0,0.41633319989322615,255.0,232.125,43.65625,0.04476661216937592,,,0.159423828125,0.159423828125,0.0009312629699707031,,0.0,0.0
110,110412,35,38.335194,Musashino_007_IchikawaOhno-FunabashiHoten_up_20240410_day,HD21,2024_0041_HD21_01_00004698.jpg,trolley2,774.0,784.0,774.0,784.0,10.0,0.41633319989322615,255.0,234.25,41.03125,0.043901665073760324,,,0.159423828125,0.159423828125,0.0009312629699707031,,0.0,0.0
110,110413,35,38.335196,Musashino_007_IchikawaOhno-FunabashiHoten_up_20240410_day,HD21,2024_0041_HD21_01_00004698.jpg,trolley2,775.0,784.0,774.0,784.0,10.0,0.41633319989322615,254.0,233.0,40.90625,0.045620366995455894,,,0.159423828125,0.159423828125,0.0009312629699707031,,0.0,0.0
110,110414,35,38.335198,Musashino_007_IchikawaOhno-FunabashiHoten_up_20240410_day,HD21,2024_0041_HD21_01_00004698.jpg,trolley2,775.0,784.0,774.0,784.0,10.0,0.41633319989322615,253.0,229.125,45.625,0.04691431132101854,,,0.159423828125,0.159423828125,0.0009312629699707031,,0.0,0.0
110,110415,35,38.3352,Musashino_007_IchikawaOhno-FunabashiHoten_up_20240410_day,HD21,2024_0041_HD21_01_00004698.jpg,trolley2,774.0,784.0,774.0,784.0,10.0,0.41633319989322615,255.0,232.375,42.59375,0.04508399632726303,,,0.159423828125,0.159423828125,0.0009312629699707031,,0.0,0.0
110,110416,35,38.335202,Musashino_007_IchikawaOhno-FunabashiHoten_up_20240410_day,HD21,2024_0041_HD21_01_00004698.jpg,trolley2,774.0,784.0,774.0,784.0,10.0,0.40936018074033187,255.0,233.0,41.65625,0.04319353185325357,,,0.159423828125,0.159423828125,0.0009312629699707031,,0.0,0.0
110,110417,35,38.335204,Musashino_007_IchikawaOhno-FunabashiHoten_up_20240410_day,HD21,2024_0041_HD21_01_00004698.jpg,trolley2,775.0,784.0,774.0,784.0,10.0,0.4020151261036843,255.0,227.5,48.5625,0.043995099369015446,,,0.159423828125,0.159423828125,0.0009312629699707031,,0.0,0.0
110,110418,35,38.335206,Musashino_007_IchikawaOhno-FunabashiHoten_up_20240410_day,HD21,2024_0041_HD21_01_00004698.jpg,trolley2,775.0,784.0,774.0,784.0,10.0,0.3942772444036619,255.0,228.0,47.59375,0.044474265187554166,,,0.159423828125,0.1593017578125,0.0009312629699707031,,0.0,0.0
110,110419,35,38.335208,Musashino_007_IchikawaOhno-FunabashiHoten_up_20240410_day,HD21,2024_0041_HD21_01_00004698.jpg,trolley2,775.0,784.0,775.0,784.0,9.0,0.3942772444036619,255.0,240.5,30.15625,0.04466126292278915,,,0.159423828125,0.1593017578125,0.0009312629699707031,,0.0,0.0
110,110420,35,38.33521,Musashino_007_IchikawaOhno-FunabashiHoten_up_20240410_day,HD21,2024_0041_HD21_01_00004698.jpg,trolley2,775.0,784.0,775.0,784.0,9.0,0.3942772444036619,255.0,242.75,26.09375,0.044584843713133336,,,0.159423828125,0.1593017578125,0.0009312629699707031,,0.0,0.0
110,110421,35,38.335212,Musashino_007_IchikawaOhno-FunabashiHoten_up_20240410_day,HD21,2024_0041_HD21_01_00004698.jpg,trolley2,775.0,784.0,775.0,785.0,10.0,0.38612291966536844,255.0,230.0,46.09375,0.04427226998823546,,,0.159423828125,0.1593017578125,0.0009312629699707031,,0.0,0.0
110,110422,35,38.335214,Musashino_007_IchikawaOhno-FunabashiHoten_up_20240410_day,HD21,2024_0041_HD21_01_00004698.jpg,trolley2,775.0,784.0,775.0,785.0,10.0,0.3775251680686361,255.0,229.75,44.96875,0.043749318016286884,,,0.159423828125,0.1593017578125,0.0009312629699707031,,0.0,0.0
110,110423,35,38.335216,Musashino_007_IchikawaOhno-FunabashiHoten_up_20240410_day,HD21,2024_0041_HD21_01_00004698.jpg,trolley2,775.0,784.0,775.0,785.0,10.0,0.3775251680686361,255.0,229.125,46.4375,0.043040288323146686,,,0.159423828125,0.1593017578125,0.0009312629699707031,,0.0,0.0
110,110424,35,38.335218,Musashino_007_IchikawaOhno-FunabashiHoten_up_20240410_day,HD21,2024_0041_HD21_01_00004698.jpg,trolley2,775.0,784.0,775.0,785.0,10.0,0.3775251680686361,255.0,230.25,45.71875,0.04216802312407248,,,0.159423828125,0.1593017578125,0.0009312629699707031,,0.0,0.0
110,110425,35,38.33522,Musashino_007_IchikawaOhno-FunabashiHoten_up_20240410_day,HD21,2024_0041_HD21_01_00004698.jpg,trolley2,775.0,784.0,775.0,785.0,10.0,0.3775251680686361,255.0,230.875,43.625,0.04115392995804514,,,0.159423828125,0.1593017578125,0.0009312629699707031,,0.0,0.0
110,110426,35,38.335222,Musashino_007_IchikawaOhno-FunabashiHoten_up_20240410_day,HD21,2024_0041_HD21_01_00004698.jpg,trolley2,775.0,785.0,775.0,785.0,10.0,0.3775251680686361,255.0,231.875,42.0625,0.04275371899834103,,,0.159423828125,0.1593017578125,0.0009312629699707031,,0.0,0.0
110,110427,35,38.335224,Musashino_007_IchikawaOhno-FunabashiHoten_up_20240410_day,HD21,2024_0041_HD21_01_00004698.jpg,trolley2,775.0,785.0,775.0,785.0,10.0,0.3775251680686361,255.0,232.875,40.90625,0.043956553247944986,,,0.159423828125,0.1593017578125,0.0009312629699707031,,0.0,0.0
110,110428,35,38.335226,Musashino_007_IchikawaOhno-FunabashiHoten_up_20240410_day,HD21,2024_0041_HD21_01_00004698.jpg,trolley2,775.0,785.0,775.0,785.0,10.0,0.3775251680686361,255.0,231.875,42.1875,0.044796304390101585,,,0.1593017578125,0.1593017578125,0.0009312629699707031,,0.0,0.0
110,110429,35,38.335228,Musashino_007_IchikawaOhno-FunabashiHoten_up_20240410_day,HD21,2024_0041_HD21_01_00004698.jpg,trolley2,775.0,784.0,775.0,785.0,10.0,0.3775251680686361,255.0,229.375,45.65625,0.0425696706545489,,,0.1593017578125,0.1593017578125,0.0009312629699707031,,0.0,0.0
110,110430,35,38.33523,Musashino_007_IchikawaOhno-FunabashiHoten_up_20240410_day,HD21,2024_0041_HD21_01_00004698.jpg,trolley2,775.0,785.0,775.0,785.0,10.0,0.3775251680686361,255.0,229.75,45.46875,0.04307274066856827,,,0.1593017578125,0.1593017578125,0.0009312629699707031,,0.0,0.0
110,110431,35,38.335232,Musashino_007_IchikawaOhno-FunabashiHoten_up_20240410_day,HD21,2024_0041_HD21_01_00004698.jpg,trolley2,775.0,785.0,775.0,785.0,10.0,0.3775251680686361,255.0,232.75,42.46875,0.04328887489356902,,,0.1593017578125,0.1593017578125,0.0009312629699707031,,0.0,0.0
110,110432,35,38.335234,Musashino_007_IchikawaOhno-FunabashiHoten_up_20240410_day,HD21,2024_0041_HD21_01_00004698.jpg,trolley2,775.0,785.0,775.0,785.0,10.0,0.3775251680686361,255.0,233.75,42.40625,0.04324613183716328,,,0.1593017578125,0.1593017578125,0.0009312629699707031,,0.0,0.0
110,110433,35,38.335236,Musashino_007_IchikawaOhno-FunabashiHoten_up_20240410_day,HD21,2024_0041_HD21_01_00004698.jpg,trolley2,775.0,785.0,775.0,785.0,10.0,0.3775251680686361,255.0,232.5,42.4375,0.04297112704446807,,,0.1593017578125,0.1593017578125,0.0009312629699707031,,0.0,0.0
110,110434,35,38.335238,Musashino_007_IchikawaOhno-FunabashiHoten_up_20240410_day,HD21,2024_0041_HD21_01_00004698.jpg,trolley2,775.0,785.0,775.0,785.0,10.0,0.3775251680686361,255.0,233.0,41.65625,0.04248903452287143,,,0.1593017578125,0.1593017578125,0.0009312629699707031,,0.0,0.0
110,110435,35,38.33524,Musashino_007_IchikawaOhno-FunabashiHoten_up_20240410_day,HD21,2024_0041_HD21_01_00004698.jpg,trolley2,775.0,785.0,775.0,785.0,10.0,0.3775251680686361,255.0,235.125,40.71875,0.04182359590886019,,,0.1593017578125,0.1593017578125,0.0009312629699707031,,0.0,0.0
110,110436,35,38.335242,Musashino_007_IchikawaOhno-FunabashiHoten_up_20240410_day,HD21,2024_0041_HD21_01_00004698.jpg,trolley2,775.0,785.0,775.0,785.0,10.0,0.3775251680686361,255.0,235.875,40.9375,0.04099713653777001,,,0.1593017578125,0.1593017578125,0.0009312629699707031,,0.0,0.0
110,110437,35,38.335244,Musashino_007_IchikawaOhno-FunabashiHoten_up_20240410_day,HD21,2024_0041_HD21_01_00004698.jpg,trolley2,775.0,785.0,775.0,785.0,10.0,0.3775251680686361,254.0,235.25,41.9375,0.040030587625074096,,,0.1593017578125,0.1593017578125,0.0009312629699707031,,0.0,0.0
110,110438,35,38.335246,Musashino_007_IchikawaOhno-FunabashiHoten_up_20240410_day,HD21,2024_0041_HD21_01_00004698.jpg,trolley2,775.0,785.0,775.0,785.0,10.0,0.3775251680686361,255.0,234.375,42.0,0.03894351381502674,,,0.1593017578125,0.1593017578125,0.0009312629699707031,,0.0,0.0
110,110439,35,38.335248,Musashino_007_IchikawaOhno-FunabashiHoten_up_20240410_day,HD21,2024_0041_HD21_01_00004698.jpg,trolley2,775.0,785.0,775.0,785.0,10.0,0.3775251680686361,255.0,234.0,41.4375,0.03775414539896099,,,0.1593017578125,0.1593017578125,0.0009312629699707031,,0.0,0.0
110,110440,35,38.33525,Musashino_007_IchikawaOhno-FunabashiHoten_up_20240410_day,HD21,2024_0041_HD21_01_00004698.jpg,trolley2,776.0,785.0,775.0,785.0,10.0,0.3775251680686361,252.0,231.75,42.65625,0.03921512278615001,,,0.1593017578125,0.1593017578125,0.0009312629699707031,,0.0,0.0
110,110441,35,38.335252,Musashino_007_IchikawaOhno-FunabashiHoten_up_20240410_day,HD21,2024_0041_HD21_01_00004698.jpg,trolley2,775.0,785.0,775.0,785.0,10.0,0.3684529491774698,251.0,234.125,41.40625,0.037576944306661884,,,0.1593017578125,0.1593017578125,0.0009312629699707031,,0.0,0.0
110,110442,35,38.335254,Musashino_007_IchikawaOhno-FunabashiHoten_up_20240410_day,HD21,2024_0041_HD21_01_00004698.jpg,trolley2,775.0,785.0,775.0,785.0,10.0,0.3588702812826358,254.0,233.0,42.9375,0.035900110296655525,,,0.1593017578125,0.1593017578125,0.0009312629699707031,,0.0,0.0
110,110443,35,38.335256,Musashino_007_IchikawaOhno-FunabashiHoten_up_20240410_day,HD21,2024_0041_HD21_01_00004698.jpg,trolley2,776.0,785.0,775.0,785.0,10.0,0.34873508801977604,254.0,232.375,41.84375,0.03693344295832058,,,0.1593017578125,0.1593017578125,0.0009312629699707031,,0.0,0.0
110,110444,35,38.335258,Musashino_007_IchikawaOhno-FunabashiHoten_up_20240410_day,HD21,2024_0041_HD21_01_00004698.jpg,trolley2,776.0,785.0,775.0,785.0,10.0,0.3379976689896301,253.0,233.25,40.84375,0.03765939245087831,,,0.1593017578125,0.1593017578125,0.0009312629699707031,,0.0,0.0
110,110445,35,38.33526,Musashino_007_IchikawaOhno-FunabashiHoten_up_20240410_day,HD21,2024_0041_HD21_01_00004698.jpg,trolley2,775.0,785.0,775.0,785.0,10.0,0.32659863237108927,255.0,234.5,41.5,0.03536960338794438,,,0.1593017578125,0.1593017578125,0.0009312629699707031,,0.0,0.0
110,110446,35,38.335262,Musashino_007_IchikawaOhno-FunabashiHoten_up_20240410_day,HD21,2024_0041_HD21_01_00004698.jpg,trolley2,776.0,785.0,775.0,785.0,10.0,0.31446603773521886,255.0,232.375,40.28125,0.03585534867774386,,,0.1593017578125,0.1593017578125,0.0009312629699707031,,0.0,0.0
110,110447,35,38.335264,Musashino_007_IchikawaOhno-FunabashiHoten_up_20240410_day,HD21,2024_0041_HD21_01_00004698.jpg,trolley2,776.0,785.0,775.0,785.0,10.0,0.31446603773521886,255.0,225.5,48.28125,0.036095413064871476,,,0.1593017578125,0.1593017578125,0.0009312629699707031,,0.0,0.0
110,110448,35,38.335266,Musashino_007_IchikawaOhno-FunabashiHoten_up_20240410_day,HD21,2024_0041_HD21_01_00004698.jpg,trolley2,776.0,785.0,775.0,785.0,10.0,0.31446603773521886,253.0,229.125,45.28125,0.03611351991985813,,,0.1593017578125,0.1593017578125,0.0009312629699707031,,0.0,0.0
110,110449,35,38.335268,Musashino_007_IchikawaOhno-FunabashiHoten_up_20240410_day,HD21,2024_0041_HD21_01_00004698.jpg,trolley2,776.0,785.0,776.0,786.0,10.0,0.31446603773521886,255.0,230.125,43.3125,0.03593218943279986,,,0.1593017578125,0.1593017578125,0.0009312629699707031,,0.0,0.0
110,110450,35,38.33527,Musashino_007_IchikawaOhno-FunabashiHoten_up_20240410_day,HD21,2024_0041_HD21_01_00004698.jpg,trolley2,776.0,785.0,776.0,786.0,10.0,0.31446603773521886,255.0,231.625,40.59375,0.03557273800979437,,,0.1593017578125,0.1593017578125,0.0009312629699707031,,0.0,0.0
110,110451,35,38.335272,Musashino_007_IchikawaOhno-FunabashiHoten_up_20240410_day,HD21,2024_0041_HD21_01_00004698.jpg,trolley2,776.0,786.0,776.0,786.0,10.0,0.31446603773521886,255.0,234.0,37.6875,0.037790992552357947,,,0.1593017578125,0.1593017578125,0.0009312629699707031,,0.0,0.0
110,110452,35,38.335274,Musashino_007_IchikawaOhno-FunabashiHoten_up_20240410_day,HD21,2024_0041_HD21_01_00004698.jpg,trolley2,776.0,786.0,776.0,786.0,10.0,0.31446603773521886,253.0,234.25,37.28125,0.039576418831448607,,,0.1593017578125,0.1593017578125,0.0009312629699707031,,0.0,0.0
110,110453,35,38.335276,Musashino_007_IchikawaOhno-FunabashiHoten_up_20240410_day,HD21,2024_0041_HD21_01_00004698.jpg,trolley2,776.0,786.0,776.0,786.0,10.0,0.31446603773521886,251.0,232.875,39.15625,0.04096335672249831,,,0.1593017578125,0.1593017578125,0.0009312629699707031,,0.0,0.0
110,110454,35,38.335278,Musashino_007_IchikawaOhno-FunabashiHoten_up_20240410_day,HD21,2024_0041_HD21_01_00004698.jpg,trolley2,776.0,786.0,776.0,786.0,10.0,0.31446603773521886,252.0,232.0,40.8125,0.04198482688697746,,,0.1593017578125,0.1593017578125,0.0009312629699707031,,0.0,0.0
110,110455,35,38.33528,Musashino_007_IchikawaOhno-FunabashiHoten_up_20240410_day,HD21,2024_0041_HD21_01_00004698.jpg,trolley2,776.0,786.0,776.0,786.0,10.0,0.31446603773521886,252.0,231.875,40.96875,0.04267248454113273,,,0.1593017578125,0.1593017578125,0.0009312629699707031,,0.0,0.0
110,110456,35,38.335282,Musashino_007_IchikawaOhno-FunabashiHoten_up_20240410_day,HD21,2024_0041_HD21_01_00004698.jpg,trolley2,776.0,786.0,776.0,786.0,10.0,0.31446603773521886,255.0,230.5,43.5625,0.04305658540698099,,,0.1593017578125,0.1593017578125,0.0009312629699707031,,0.0,0.0
110,110457,35,38.335284,Musashino_007_IchikawaOhno-FunabashiHoten_up_20240410_day,HD21,2024_0041_HD21_01_00004698.jpg,trolley2,776.0,786.0,776.0,786.0,10.0,0.31446603773521886,255.0,230.875,43.5625,0.043165962790388306,,,0.1593017578125,0.1593017578125,0.0009312629699707031,,0.0,0.0
110,110458,35,38.335285999999996,Musashino_007_IchikawaOhno-FunabashiHoten_up_20240410_day,HD21,2024_0041_HD21_01_00004698.jpg,trolley2,776.0,786.0,776.0,786.0,10.0,0.31446603773521886,255.0,231.125,43.65625,0.04302801477770669,,,0.1593017578125,0.1593017578125,0.0009312629699707031,,0.0,0.0
110,110459,35,38.335288,Musashino_007_IchikawaOhno-FunabashiHoten_up_20240410_day,HD21,2024_0041_HD21_01_00004698.jpg,trolley2,776.0,786.0,776.0,786.0,10.0,0.31446603773521886,254.0,231.0,43.59375,0.04266870058986158,,,0.1593017578125,0.1593017578125,0.0009312629699707031,,0.0,0.0
110,110460,35,38.33529,Musashino_007_IchikawaOhno-FunabashiHoten_up_20240410_day,HD21,2024_0041_HD21_01_00004698.jpg,trolley2,776.0,786.0,776.0,786.0,10.0,0.31446603773521886,254.0,230.75,44.28125,0.0421125451806198,,,0.1593017578125,0.1591796875,0.0009312629699707031,,0.0,0.0
110,110461,35,38.335292,Musashino_007_IchikawaOhno-FunabashiHoten_up_20240410_day,HD21,2024_0041_HD21_01_00004698.jpg,trolley2,776.0,786.0,776.0,786.0,10.0,0.31446603773521886,255.0,230.75,44.46875,0.04138265121372753,,,0.1593017578125,0.1591796875,0.0009312629699707031,,0.0,0.0
110,110462,35,38.335294,Musashino_007_IchikawaOhno-FunabashiHoten_up_20240410_day,HD21,2024_0041_HD21_01_00004698.jpg,trolley2,776.0,786.0,776.0,786.0,10.0,0.31446603773521886,255.0,230.875,44.34375,0.04050071760142588,,,0.1593017578125,0.1591796875,0.0009312629699707031,,0.0,0.0
110,110463,35,38.335296,Musashino_007_IchikawaOhno-FunabashiHoten_up_20240410_day,HD21,2024_0041_HD21_01_00004698.jpg,trolley2,776.0,786.0,776.0,786.0,10.0,0.31446603773521886,255.0,230.875,43.84375,0.039487063834248985,,,0.1593017578125,0.1591796875,0.0009312629699707031,,0.0,0.0
110,110464,35,38.335298,Musashino_007_IchikawaOhno-FunabashiHoten_up_20240410_day,HD21,2024_0041_HD21_01_00004698.jpg,trolley2,776.0,786.0,776.0,786.0,10.0,0.31446603773521886,255.0,233.125,43.78125,0.03836065937881015,,,0.1593017578125,0.1591796875,0.0009312629699707031,,0.0,0.0
110,110465,35,38.3353,Musashino_007_IchikawaOhno-FunabashiHoten_up_20240410_day,HD21,2024_0041_HD21_01_00004698.jpg,trolley2,776.0,786.0,776.0,786.0,10.0,0.31446603773521886,255.0,232.75,43.84375,0.037139157466262146,,,0.1593017578125,0.1591796875,0.0009312629699707031,,0.0,0.0
110,110466,35,38.335302,Musashino_007_IchikawaOhno-FunabashiHoten_up_20240410_day,HD21,2024_0041_HD21_01_00004698.jpg,trolley2,777.0,786.0,776.0,786.0,10.0,0.31446603773521886,255.0,231.5,44.5625,0.03857464087417722,,,0.1593017578125,0.1591796875,0.0009312629699707031,,0.0,0.0
110,110467,35,38.335304,Musashino_007_IchikawaOhno-FunabashiHoten_up_20240410_day,HD21,2024_0041_HD21_01_00004698.jpg,trolley2,777.0,786.0,776.0,786.0,10.0,0.31446603773521886,255.0,230.125,45.3125,0.03965277903558709,,,0.1593017578125,0.1591796875,0.0009312629699707031,,0.0,0.0
110,110468,35,38.335306,Musashino_007_IchikawaOhno-FunabashiHoten_up_20240410_day,HD21,2024_0041_HD21_01_00004698.jpg,trolley2,777.0,786.0,776.0,786.0,10.0,0.31446603773521886,255.0,228.5,46.28125,0.040404089366387515,,,0.1593017578125,0.1591796875,0.0009312629699707031,,0.0,0.0
110,110469,35,38.335308,Musashino_007_IchikawaOhno-FunabashiHoten_up_20240410_day,HD21,2024_0041_HD21_01_00004698.jpg,trolley2,777.0,786.0,776.0,786.0,10.0,0.31446603773521886,254.0,227.0,47.5625,0.04085776752317274,,,0.1593017578125,0.1591796875,0.0009312629699707031,,0.0,0.0
110,110470,35,38.33531,Musashino_007_IchikawaOhno-FunabashiHoten_up_20240410_day,HD21,2024_0041_HD21_01_00004698.jpg,trolley2,777.0,786.0,776.0,786.0,10.0,0.30151134457776224,254.0,225.875,49.21875,0.041041662359557286,,,0.1593017578125,0.1591796875,0.0009312629699707031,,0.0,0.0
110,110471,35,38.335312,Musashino_007_IchikawaOhno-FunabashiHoten_up_20240410_day,HD21,2024_0041_HD21_01_00004698.jpg,trolley2,777.0,786.0,776.0,787.0,11.0,0.3074824459143214,255.0,215.375,57.46875,0.040982260803572146,,,0.1593017578125,0.1591796875,0.0009312629699707031,,0.0,0.0
110,110472,35,38.335314,Musashino_007_IchikawaOhno-FunabashiHoten_up_20240410_day,HD21,2024_0041_HD21_01_00004698.jpg,trolley2,777.0,786.0,777.0,787.0,10.0,0.29318866956210116,254.0,225.875,48.53125,0.04070468172783631,,,0.1593017578125,0.1591796875,0.0009312629699707031,,0.0,0.0
110,110473,35,38.335316,Musashino_007_IchikawaOhno-FunabashiHoten_up_20240410_day,HD21,2024_0041_HD21_01_00004698.jpg,trolley2,777.0,786.0,777.0,787.0,10.0,0.2777979790634123,254.0,225.75,48.15625,0.04023267792960919,,,0.1593017578125,0.1591796875,0.0009312629699707031,,0.0,0.0
110,110474,35,38.335318,Musashino_007_IchikawaOhno-FunabashiHoten_up_20240410_day,HD21,2024_0041_HD21_01_00004698.jpg,trolley2,777.0,786.0,777.0,787.0,10.0,0.26111648393354453,254.0,226.125,47.625,0.039588645383425596,,,0.1593017578125,0.1591796875,0.0009312629699707031,,0.0,0.0
110,110475,35,38.33532,Musashino_007_IchikawaOhno-FunabashiHoten_up_20240410_day,HD21,2024_0041_HD21_01_00004698.jpg,trolley2,777.0,786.0,777.0,787.0,10.0,0.26111648393354453,255.0,226.75,47.1875,0.03879363897455565,,,0.1591796875,0.1591796875,0.0009312629699707031,,0.0,0.0
110,110476,35,38.335322,Musashino_007_IchikawaOhno-FunabashiHoten_up_20240410_day,HD21,2024_0041_HD21_01_00004698.jpg,trolley2,777.0,786.0,777.0,787.0,10.0,0.26111648393354453,255.0,226.5,46.875,0.03786739396675702,,,0.1591796875,0.1591796875,0.0009312629699707031,,0.0,0.0
110,110477,35,38.335324,Musashino_007_IchikawaOhno-FunabashiHoten_up_20240410_day,HD21,2024_0041_HD21_01_00004698.jpg,trolley2,777.0,786.0,777.0,787.0,10.0,0.26111648393354453,255.0,226.125,47.46875,0.03682835250248779,,,0.1591796875,0.1591796875,0.0009312629699707031,,0.0,0.0
110,110478,35,38.335326,Musashino_007_IchikawaOhno-FunabashiHoten_up_20240410_day,HD21,2024_0041_HD21_01_00004698.jpg,trolley2,777.0,786.0,777.0,787.0,10.0,0.26111648393354453,255.0,224.875,49.09375,0.03569369447774076,,,0.1591796875,0.1591796875,0.0009312629699707031,,0.0,0.0
110,110479,35,38.335328,Musashino_007_IchikawaOhno-FunabashiHoten_up_20240410_day,HD21,2024_0041_HD21_01_00004698.jpg,trolley2,777.0,786.0,777.0,787.0,10.0,0.26111648393354453,255.0,223.875,50.5,0.03447937217675922,,,0.1591796875,0.1591796875,0.0009312629699707031,,0.0,0.0
110,110480,35,38.33533,Musashino_007_IchikawaOhno-FunabashiHoten_up_20240410_day,HD21,2024_0041_HD21_01_00004698.jpg,trolley2,777.0,786.0,777.0,787.0,10.0,0.26111648393354453,255.0,224.25,51.125,0.03320014809396962,,,0.1591796875,0.1591796875,0.0009312629699707031,,0.0,0.0
110,110481,35,38.335332,Musashino_007_IchikawaOhno-FunabashiHoten_up_20240410_day,HD21,2024_0041_HD21_01_00004698.jpg,trolley2,777.0,786.0,777.0,787.0,10.0,0.26111648393354453,254.0,223.125,49.78125,0.03186963541139239,,,0.1591796875,0.1591796875,0.0009312629699707031,,0.0,0.0
110,110482,35,38.335334,Musashino_007_IchikawaOhno-FunabashiHoten_up_20240410_day,HD21,2024_0041_HD21_01_00004698.jpg,trolley2,777.0,786.0,777.0,787.0,10.0,0.26111648393354453,255.0,224.5,49.625,0.030500340639445993,,,0.1591796875,0.1591796875,0.0009312629699707031,,0.0,0.0
110,110483,35,38.335336,Musashino_007_IchikawaOhno-FunabashiHoten_up_20240410_day,HD21,2024_0041_HD21_01_00004698.jpg,trolley2,778.0,786.0,777.0,787.0,10.0,0.26111648393354453,255.0,221.5,51.15625,0.03183941620243339,,,0.1591796875,0.1591796875,0.0009312629699707031,,0.0,0.0
110,110484,35,38.335338,Musashino_007_IchikawaOhno-FunabashiHoten_up_20240410_day,HD21,2024_0041_HD21_01_00004698.jpg,trolley2,778.0,786.0,777.0,787.0,10.0,0.26111648393354453,254.0,220.5,51.40625,0.032867822474012064,,,0.1591796875,0.1591796875,0.0009312629699707031,,0.0,0.0
110,110485,35,38.33534,Musashino_007_IchikawaOhno-FunabashiHoten_up_20240410_day,HD21,2024_0041_HD21_01_00004698.jpg,trolley2,778.0,786.0,777.0,787.0,10.0,0.26111648393354453,255.0,223.125,49.25,0.033611592318191025,,,0.1591796875,0.1591796875,0.0009312629699707031,,0.0,0.0
110,110486,35,38.335342,Musashino_007_IchikawaOhno-FunabashiHoten_up_20240410_day,HD21,2024_0041_HD21_01_00004698.jpg,trolley2,778.0,787.0,777.0,787.0,10.0,0.26111648393354453,252.0,222.5,48.875,0.036831371239963655,,,0.1591796875,0.1591796875,0.0009312629699707031,,0.0,0.0
110,110487,35,38.335344,Musashino_007_IchikawaOhno-FunabashiHoten_up_20240410_day,HD21,2024_0041_HD21_01_00004698.jpg,trolley2,778.0,786.0,777.0,787.0,10.0,0.26111648393354453,255.0,222.0,50.0625,0.036785800750221156,,,0.1591796875,0.1591796875,0.0009312629699707031,,0.0,0.0
110,110488,35,38.335346,Musashino_007_IchikawaOhno-FunabashiHoten_up_20240410_day,HD21,2024_0041_HD21_01_00004698.jpg,trolley2,778.0,786.0,777.0,787.0,10.0,0.26111648393354453,255.0,222.125,47.5625,0.03654360382433099,,,0.1591796875,0.1591796875,0.0009312629699707031,,0.0,0.0
110,110489,35,38.335348,Musashino_007_IchikawaOhno-FunabashiHoten_up_20240410_day,HD21,2024_0041_HD21_01_00004698.jpg,trolley2,778.0,787.0,777.0,787.0,10.0,0.26111648393354453,255.0,221.125,48.40625,0.0388618516751416,,,0.1591796875,0.1591796875,0.0009312629699707031,,0.0,0.0
110,110490,35,38.33535,Musashino_007_IchikawaOhno-FunabashiHoten_up_20240410_day,HD21,2024_0041_HD21_01_00004698.jpg,trolley2,778.0,787.0,777.0,787.0,10.0,0.26111648393354453,255.0,221.375,49.375,0.040731222022749924,,,0.1591796875,0.1591796875,0.0009312629699707031,,0.0,0.0
110,110491,35,38.335352,Musashino_007_IchikawaOhno-FunabashiHoten_up_20240410_day,HD21,2024_0041_HD21_01_00004698.jpg,trolley2,778.0,787.0,777.0,787.0,10.0,0.26111648393354453,254.0,221.875,50.09375,0.042187230996422805,,,0.1591796875,0.1591796875,0.0009312629699707031,,0.0,0.0
110,110492,35,38.335354,Musashino_007_IchikawaOhno-FunabashiHoten_up_20240410_day,HD21,2024_0041_HD21_01_00004698.jpg,trolley2,778.0,787.0,777.0,787.0,10.0,0.26111648393354453,254.0,221.125,51.65625,0.043264037018025905,,,0.1591796875,0.1591796875,0.0009312629699707031,,0.0,0.0
110,110493,35,38.335356,Musashino_007_IchikawaOhno-FunabashiHoten_up_20240410_day,HD21,2024_0041_HD21_01_00004698.jpg,trolley2,778.0,787.0,777.0,787.0,10.0,0.26111648393354453,252.0,219.0,54.625,0.04399439226839193,,,0.1591796875,0.1591796875,0.0009312629699707031,,0.0,0.0
110,110494,35,38.335358,Musashino_007_IchikawaOhno-FunabashiHoten_up_20240410_day,HD21,2024_0041_HD21_01_00004698.jpg,trolley2,778.0,787.0,777.0,787.0,10.0,0.26111648393354453,253.0,218.625,56.34375,0.044409606793786825,,,0.1591796875,0.1591796875,0.0009312629699707031,,0.0,0.0
110,110495,35,38.33536,Musashino_007_IchikawaOhno-FunabashiHoten_up_20240410_day,HD21,2024_0041_HD21_01_00004698.jpg,trolley2,778.0,787.0,777.0,787.0,10.0,0.26111648393354453,253.0,219.5,56.4375,0.044539524160733285,,,0.1591796875,0.1591796875,0.0009312629699707031,,0.0,0.0
110,110496,35,38.335361999999996,Musashino_007_IchikawaOhno-FunabashiHoten_up_20240410_day,HD21,2024_0041_HD21_01_00004698.jpg,trolley2,778.0,787.0,778.0,788.0,10.0,0.26111648393354453,255.0,220.75,54.96875,0.044412507615527716,,,0.1591796875,0.1591796875,0.0009312629699707031,,0.0,0.0
110,110497,35,38.335364,Musashino_007_IchikawaOhno-FunabashiHoten_up_20240410_day,HD21,2024_0041_HD21_01_00004698.jpg,trolley2,778.0,787.0,778.0,788.0,10.0,0.26111648393354453,255.0,221.25,54.96875,0.04405543575366145,,,0.1591796875,0.1591796875,0.0009312629699707031,,0.0,0.0
110,110498,35,38.335366,Musashino_007_IchikawaOhno-FunabashiHoten_up_20240410_day,HD21,2024_0041_HD21_01_00004698.jpg,trolley2,778.0,787.0,778.0,788.0,10.0,0.24287836253955958,255.0,221.125,53.78125,0.04349370675370559,,,0.1591796875,0.1591796875,0.0009312629699707031,,0.0,0.0
110,110499,35,38.335368,Musashino_007_IchikawaOhno-FunabashiHoten_up_20240410_day,HD21,2024_0041_HD21_01_00004698.jpg,trolley2,778.0,787.0,778.0,788.0,10.0,0.22270150335361064,253.0,221.75,53.34375,0.04275125027970614,,,0.1591796875,0.1591796875,0.0009312629699707031,,0.0,0.0
110,110500,35,38.33537,Musashino_007_IchikawaOhno-FunabashiHoten_up_20240410_day,HD21,2024_0041_HD21_01_00004698.jpg,trolley2,778.0,787.0,778.0,788.0,10.0,0.1999999999999964,254.0,222.5,53.71875,0.04185054620548344,,,0.1591796875,0.1591796875,0.0009312629699707031,,0.0,0.0
110,110501,35,38.335372,Musashino_007_IchikawaOhno-FunabashiHoten_up_20240410_day,HD21,2024_0041_HD21_01_00004698.jpg,trolley2,778.0,787.0,778.0,788.0,10.0,0.1737872843507795,255.0,221.625,53.96875,0.04081264936318176,,,0.1591796875,0.1591796875,0.0009312629699707031,,0.0,0.0
110,110502,35,38.335374,Musashino_007_IchikawaOhno-FunabashiHoten_up_20240410_day,HD21,2024_0041_HD21_01_00004698.jpg,trolley2,778.0,787.0,778.0,788.0,10.0,0.1737872843507795,255.0,220.25,54.15625,0.03965721956673942,,,0.1591796875,0.1591796875,0.0009312629699707031,,0.0,0.0
110,110503,35,38.335376,Musashino_007_IchikawaOhno-FunabashiHoten_up_20240410_day,HD21,2024_0041_HD21_01_00004698.jpg,trolley2,779.0,787.0,778.0,788.0,10.0,0.1737872843507795,255.0,218.5,54.09375,0.0411382644435147,,,0.1591796875,0.1591796875,0.0009312629699707031,,0.0,0.0
110,110504,35,38.335378,Musashino_007_IchikawaOhno-FunabashiHoten_up_20240410_day,HD21,2024_0041_HD21_01_00004698.jpg,trolley2,779.0,787.0,778.0,788.0,10.0,0.1737872843507795,255.0,218.375,53.40625,0.042243294340921764,,,0.1591796875,0.1591796875,0.0009312629699707031,,0.0,0.0
110,110505,35,38.33538,Musashino_007_IchikawaOhno-FunabashiHoten_up_20240410_day,HD21,2024_0041_HD21_01_00004698.jpg,trolley2,779.0,787.0,778.0,788.0,10.0,0.1737872843507795,255.0,215.5,56.09375,0.04300458213511924,,,0.1591796875,0.1591796875,0.0009312629699707031,,0.0,0.0
110,110506,35,38.335382,Musashino_007_IchikawaOhno-FunabashiHoten_up_20240410_day,HD21,2024_0041_HD21_01_00004698.jpg,trolley2,779.0,787.0,778.0,788.0,10.0,0.1737872843507795,254.0,212.125,58.03125,0.04345299259245375,,,0.1591796875,0.1591796875,0.0009312629699707031,,0.0,0.0
110,110507,35,38.335384,Musashino_007_IchikawaOhno-FunabashiHoten_up_20240410_day,HD21,2024_0041_HD21_01_00004698.jpg,trolley2,779.0,787.0,778.0,788.0,10.0,0.1737872843507795,255.0,215.125,55.6875,0.04361795699320134,,,0.1591796875,0.1591796875,0.0009312629699707031,,0.0,0.0
110,110508,35,38.335386,Musashino_007_IchikawaOhno-FunabashiHoten_up_20240410_day,HD21,2024_0041_HD21_01_00004698.jpg,trolley2,779.0,787.0,778.0,788.0,10.0,0.1737872843507795,255.0,217.5,53.1875,0.04352745818455194,,,0.1591796875,0.1591796875,0.0009312629699707031,,0.0,0.0
110,110509,35,38.335388,Musashino_007_IchikawaOhno-FunabashiHoten_up_20240410_day,HD21,2024_0041_HD21_01_00004698.jpg,trolley2,779.0,787.0,778.0,788.0,10.0,0.1737872843507795,252.0,215.875,53.5625,0.04320802508179538,,,0.1591796875,0.1591796875,0.0009312629699707031,,0.0,0.0
110,110510,35,38.33539,Musashino_007_IchikawaOhno-FunabashiHoten_up_20240410_day,HD21,2024_0041_HD21_01_00004698.jpg,trolley2,779.0,787.0,778.0,788.0,10.0,0.1737872843507795,255.0,216.25,54.78125,0.042684735684949265,,,0.1591796875,0.1591796875,0.0009312629699707031,,0.0,0.0
110,110511,35,38.335392,Musashino_007_IchikawaOhno-FunabashiHoten_up_20240410_day,HD21,2024_0041_HD21_01_00004698.jpg,trolley2,779.0,787.0,778.0,788.0,10.0,0.1737872843507795,255.0,214.5,55.8125,0.041981227726527647,,,0.1591796875,0.1591796875,0.0009312629699707031,,0.0,0.0
110,110512,35,38.335394,Musashino_007_IchikawaOhno-FunabashiHoten_up_20240410_day,HD21,2024_0041_HD21_01_00004698.jpg,trolley2,779.0,787.0,778.0,788.0,10.0,0.1737872843507795,254.0,217.0,53.90625,0.041119716114521775,,,0.1591796875,0.1591796875,0.0009312629699707031,,0.0,0.0
110,110513,35,38.335396,Musashino_007_IchikawaOhno-FunabashiHoten_up_20240410_day,HD21,2024_0041_HD21_01_00004698.jpg,trolley2,779.0,787.0,778.0,788.0,10.0,0.1737872843507795,254.0,216.875,54.625,0.04012101638266552,,,0.1591796875,0.1591796875,0.0009312629699707031,,0.0,0.0
110,110514,35,38.335398,Musashino_007_IchikawaOhno-FunabashiHoten_up_20240410_day,HD21,2024_0041_HD21_01_00004698.jpg,trolley2,779.0,788.0,778.0,788.0,10.0,0.1737872843507795,255.0,216.5,55.6875,0.041740281642555534,,,0.1591796875,0.1591796875,0.0009312629699707031,,0.0,0.0
110,110515,35,38.3354,Musashino_007_IchikawaOhno-FunabashiHoten_up_20240410_day,HD21,2024_0041_HD21_01_00004698.jpg,trolley2,779.0,788.0,778.0,788.0,10.0,0.1737872843507795,255.0,217.125,56.1875,0.042966152265949575,,,0.1591796875,0.1591796875,0.0009312629699707031,,0.0,0.0
110,110516,35,38.335402,Musashino_007_IchikawaOhno-FunabashiHoten_up_20240410_day,HD21,2024_0041_HD21_01_00004698.jpg,trolley2,779.0,788.0,778.0,788.0,10.0,0.1737872843507795,255.0,217.25,56.28125,0.043832011086110234,,,0.1591796875,0.1591796875,0.0009312629699707031,,0.0,0.0
110,110517,35,38.335404,Musashino_007_IchikawaOhno-FunabashiHoten_up_20240410_day,HD21,2024_0041_HD21_01_00004698.jpg,trolley2,779.0,788.0,778.0,788.0,10.0,0.1737872843507795,254.0,217.375,56.625,0.04436980873122442,,,0.1591796875,0.1591796875,0.0009312629699707031,,0.0,0.0
110,110518,35,38.335406,Musashino_007_IchikawaOhno-FunabashiHoten_up_20240410_day,HD21,2024_0041_HD21_01_00004698.jpg,trolley2,779.0,788.0,778.0,788.0,10.0,0.1737872843507795,253.0,217.875,56.625,0.04461003476244368,,,0.1591796875,0.1591796875,0.0009312629699707031,,0.0,0.0
110,110519,35,38.335408,Musashino_007_IchikawaOhno-FunabashiHoten_up_20240410_day,HD21,2024_0041_HD21_01_00004698.jpg,trolley2,779.0,788.0,779.0,788.0,9.0,0.1737872843507795,255.0,230.125,44.90625,0.04458169974729433,,,0.1591796875,0.1591796875,0.0009312629699707031,,0.0,0.0
110,110520,35,38.33541,Musashino_007_IchikawaOhno-FunabashiHoten_up_20240410_day,HD21,2024_0041_HD21_01_00004698.jpg,trolley2,779.0,788.0,779.0,789.0,10.0,0.14213381090373473,255.0,218.75,52.40625,0.04431232725214417,,,0.1591796875,0.1591796875,0.0009312629699707031,,0.0,0.0
110,110521,35,38.335412,Musashino_007_IchikawaOhno-FunabashiHoten_up_20240410_day,HD21,2024_0041_HD21_01_00004698.jpg,trolley2,780.0,787.0,779.0,789.0,10.0,0.14213381090373473,255.0,213.5,54.59375,0.04382795478670288,,,0.1591796875,0.1591796875,0.0009312629699707031,,0.0,0.0
110,110522,35,38.335414,Musashino_007_IchikawaOhno-FunabashiHoten_up_20240410_day,HD21,2024_0041_HD21_01_00004698.jpg,trolley2,779.0,788.0,779.0,789.0,10.0,0.14213381090373473,254.0,215.125,53.3125,0.04315314278310436,,,0.1591796875,0.1591796875,0.0009312629699707031,,0.0,0.0
110,110523,35,38.335416,Musashino_007_IchikawaOhno-FunabashiHoten_up_20240410_day,HD21,2024_0041_HD21_01_00004698.jpg,trolley2,780.0,788.0,779.0,789.0,10.0,0.14213381090373473,255.0,216.75,54.09375,0.04504669897672274,,,0.1591796875,0.1591796875,0.0009312629699707031,,0.0,0.0
110,110524,35,38.335418,Musashino_007_IchikawaOhno-FunabashiHoten_up_20240410_day,HD21,2024_0041_HD21_01_00004698.jpg,trolley2,779.0,788.0,779.0,789.0,10.0,0.14213381090373473,255.0,219.75,53.40625,0.043765109057148054,,,0.1591796875,0.1591796875,0.0009312629699707031,,0.0,0.0
110,110525,35,38.33542,Musashino_007_IchikawaOhno-FunabashiHoten_up_20240410_day,HD21,2024_0041_HD21_01_00004698.jpg,trolley2,779.0,788.0,779.0,789.0,10.0,0.14213381090373473,255.0,219.5,54.125,0.04237466633418924,,,0.1591796875,0.1591796875,0.0009312629699707031,,0.0,0.0
110,110526,35,38.335422,Musashino_007_IchikawaOhno-FunabashiHoten_up_20240410_day,HD21,2024_0041_HD21_01_00004698.jpg,trolley2,780.0,788.0,779.0,789.0,10.0,0.14213381090373473,255.0,216.25,54.59375,0.04362977971152668,,,0.1591796875,0.1591796875,0.0009312629699707031,,0.0,0.0
110,110527,35,38.335424,Musashino_007_IchikawaOhno-FunabashiHoten_up_20240410_day,HD21,2024_0041_HD21_01_00004698.jpg,trolley2,780.0,788.0,779.0,789.0,10.0,0.14213381090373473,255.0,216.875,53.25,0.044518270231338065,,,0.1591796875,0.1591796875,0.0009312629699707031,,0.0,0.0
110,110528,35,38.335426,Musashino_007_IchikawaOhno-FunabashiHoten_up_20240410_day,HD21,2024_0041_HD21_01_00004698.jpg,trolley2,780.0,788.0,779.0,789.0,10.0,0.14213381090373473,255.0,216.625,53.6875,0.04507263841403592,,,0.1591796875,0.1590576171875,0.0009312629699707031,,0.0,0.0
110,110529,35,38.335428,Musashino_007_IchikawaOhno-FunabashiHoten_up_20240410_day,HD21,2024_0041_HD21_01_00004698.jpg,trolley2,780.0,788.0,779.0,789.0,10.0,0.14213381090373473,255.0,215.875,54.53125,0.04532390083769245,,,0.1591796875,0.1590576171875,0.0009312629699707031,,0.0,0.0
110,110530,35,38.33543,Musashino_007_IchikawaOhno-FunabashiHoten_up_20240410_day,HD21,2024_0041_HD21_01_00004698.jpg,trolley2,780.0,788.0,779.0,789.0,10.0,0.14213381090373473,255.0,217.75,53.4375,0.04530157165909871,,,0.1591796875,0.1590576171875,0.0009312629699707031,,0.0,0.0
110,110531,35,38.335432,Musashino_007_IchikawaOhno-FunabashiHoten_up_20240410_day,HD21,2024_0041_HD21_01_00004698.jpg,trolley2,780.0,788.0,779.0,789.0,10.0,0.14213381090373473,255.0,218.75,52.125,0.04503365423835119,,,0.1591796875,0.1590576171875,0.0009312629699707031,,0.0,0.0
110,110532,35,38.335434,Musashino_007_IchikawaOhno-FunabashiHoten_up_20240410_day,HD21,2024_0041_HD21_01_00004698.jpg,trolley2,780.0,788.0,779.0,789.0,10.0,0.14213381090373473,255.0,218.875,51.46875,0.04454664188315841,,,0.1591796875,0.1590576171875,0.0009312629699707031,,0.0,0.0
110,110533,35,38.335436,Musashino_007_IchikawaOhno-FunabashiHoten_up_20240410_day,HD21,2024_0041_HD21_01_00004698.jpg,trolley2,780.0,788.0,779.0,789.0,10.0,0.14213381090373473,255.0,217.875,52.5,0.04386552677942032,,,0.1591796875,0.1590576171875,0.0009312629699707031,,0.0,0.0
110,110534,35,38.335437999999996,Musashino_007_IchikawaOhno-FunabashiHoten_up_20240410_day,HD21,2024_0041_HD21_01_00004698.jpg,trolley2,780.0,788.0,779.0,789.0,10.0,0.14213381090373473,255.0,216.125,54.25,0.04301381622497412,,,0.1591796875,0.1590576171875,0.0009312629699707031,,0.0,0.0
110,110535,35,38.33544,Musashino_007_IchikawaOhno-FunabashiHoten_up_20240410_day,HD21,2024_0041_HD21_01_00004698.jpg,trolley2,780.0,788.0,779.0,789.0,10.0,0.14213381090373473,255.0,217.125,53.96875,0.042013555333431304,,,0.1591796875,0.1590576171875,0.0009312629699707031,,0.0,0.0
110,110536,35,38.335442,Musashino_007_IchikawaOhno-FunabashiHoten_up_20240410_day,HD21,2024_0041_HD21_01_00004698.jpg,trolley2,780.0,788.0,779.0,789.0,10.0,0.14213381090373473,255.0,218.125,51.65625,0.040885355424528445,,,0.1591796875,0.1590576171875,0.0009312629699707031,,0.0,0.0
110,110537,35,38.335444,Musashino_007_IchikawaOhno-FunabashiHoten_up_20240410_day,HD21,2024_0041_HD21_01_00004698.jpg,trolley2,780.0,788.0,779.0,789.0,10.0,0.14213381090373473,255.0,219.375,50.8125,0.039648427366158895,,,0.1591796875,0.1590576171875,0.0009312629699707031,,0.0,0.0
110,110538,35,38.335446,Musashino_007_IchikawaOhno-FunabashiHoten_up_20240410_day,HD21,2024_0041_HD21_01_00004698.jpg,trolley2,780.0,788.0,779.0,789.0,10.0,0.14213381090373473,255.0,220.625,49.78125,0.03832061918103464,,,0.1591796875,0.1590576171875,0.0009312629699707031,,0.0,0.0
110,110539,35,38.335448,Musashino_007_IchikawaOhno-FunabashiHoten_up_20240410_day,HD21,2024_0041_HD21_01_00004698.jpg,trolley2,780.0,788.0,779.0,789.0,10.0,0.14213381090373473,255.0,221.125,49.125,0.03691845727762184,,,0.1591796875,0.1590576171875,0.0009312629699707031,,0.0,0.0
110,110540,35,38.33545,Musashino_007_IchikawaOhno-FunabashiHoten_up_20240410_day,HD21,2024_0041_HD21_01_00004698.jpg,trolley2,780.0,789.0,779.0,789.0,10.0,0.14213381090373473,255.0,221.25,49.65625,0.03819289894548048,,,0.1591796875,0.1590576171875,0.0009312629699707031,,0.0,0.0
110,110541,35,38.335452,Musashino_007_IchikawaOhno-FunabashiHoten_up_20240410_day,HD21,2024_0041_HD21_01_00004698.jpg,trolley2,780.0,789.0,779.0,789.0,10.0,0.14213381090373473,253.0,220.75,50.9375,0.039128495486302456,,,0.1591796875,0.1590576171875,0.0009312629699707031,,0.0,0.0
110,110542,35,38.335454,Musashino_007_IchikawaOhno-FunabashiHoten_up_20240410_day,HD21,2024_0041_HD21_01_00004698.jpg,trolley2,780.0,789.0,779.0,789.0,10.0,0.14213381090373473,254.0,220.125,52.53125,0.03975465890937355,,,0.1591796875,0.1590576171875,0.0009312629699707031,,0.0,0.0
110,110543,35,38.335456,Musashino_007_IchikawaOhno-FunabashiHoten_up_20240410_day,HD21,2024_0041_HD21_01_00004698.jpg,trolley2,780.0,789.0,779.0,789.0,10.0,0.14213381090373473,255.0,219.5,53.21875,0.04009949694079769,,,0.1591796875,0.1590576171875,0.0009312629699707031,,0.0,0.0
110,110544,35,38.335458,Musashino_007_IchikawaOhno-FunabashiHoten_up_20240410_day,HD21,2024_0041_HD21_01_00004698.jpg,trolley2,780.0,789.0,780.0,789.0,9.0,0.1737872843507795,255.0,235.375,36.78125,0.04018979215138102,,,0.1591796875,0.1590576171875,0.0009312629699707031,,0.0,0.0
110,110545,35,38.33546,Musashino_007_IchikawaOhno-FunabashiHoten_up_20240410_day,HD21,2024_0041_HD21_01_00004698.jpg,trolley2,780.0,789.0,780.0,789.0,9.0,0.1999999999999964,254.0,236.25,35.71875,0.040050990462031824,,,0.1591796875,0.1590576171875,0.0009312629699707031,,0.0,0.0
110,110546,35,38.335462,Musashino_007_IchikawaOhno-FunabashiHoten_up_20240410_day,HD21,2024_0041_HD21_01_00004698.jpg,trolley2,780.0,789.0,780.0,790.0,10.0,0.1999999999999964,254.0,224.125,50.9375,0.03970719813391985,,,0.1591796875,0.1590576171875,0.0009312629699707031,,0.0,0.0
110,110547,35,38.335464,Musashino_007_IchikawaOhno-FunabashiHoten_up_20240410_day,HD21,2024_0041_HD21_01_00004698.jpg,trolley2,780.0,789.0,780.0,790.0,10.0,0.1999999999999964,255.0,222.75,52.5625,0.03918118639520048,,,0.1591796875,0.1590576171875,0.0009312629699707031,,0.0,0.0
110,110548,35,38.335466,Musashino_007_IchikawaOhno-FunabashiHoten_up_20240410_day,HD21,2024_0041_HD21_01_00004698.jpg,trolley2,780.0,789.0,780.0,790.0,10.0,0.1999999999999964,255.0,223.875,51.09375,0.03849440290075671,,,0.1591796875,0.1590576171875,0.0009312629699707031,,0.0,0.0
110,110549,35,38.335468,Musashino_007_IchikawaOhno-FunabashiHoten_up_20240410_day,HD21,2024_0041_HD21_01_00004698.jpg,trolley2,780.0,789.0,780.0,790.0,10.0,0.1999999999999964,255.0,224.875,50.125,0.03766698926592566,,,0.1591796875,0.1590576171875,0.0009312629699707031,,0.0,0.0
110,110550,35,38.33547,Musashino_007_IchikawaOhno-FunabashiHoten_up_20240410_day,HD21,2024_0041_HD21_01_00004698.jpg,trolley2,780.0,789.0,780.0,790.0,10.0,0.1999999999999964,255.0,224.875,49.5625,0.03671780395928045,,,0.1591796875,0.1590576171875,0.0009312629699707031,,0.0,0.0
110,110551,35,38.335472,Musashino_007_IchikawaOhno-FunabashiHoten_up_20240410_day,HD21,2024_0041_HD21_01_00004698.jpg,trolley2,780.0,789.0,780.0,790.0,10.0,0.1999999999999964,255.0,226.125,48.40625,0.03566444988308609,,,0.1591796875,0.1590576171875,0.0009312629699707031,,0.0,0.0
110,110552,35,38.335474,Musashino_007_IchikawaOhno-FunabashiHoten_up_20240410_day,HD21,2024_0041_HD21_01_00004698.jpg,trolley2,780.0,789.0,780.0,790.0,10.0,0.1999999999999964,254.0,224.75,49.5,0.0345233060128088,,,0.1591796875,0.1590576171875,0.0009312629699707031,,0.0,0.0
110,110553,35,38.335476,Musashino_007_IchikawaOhno-FunabashiHoten_up_20240410_day,HD21,2024_0041_HD21_01_00004698.jpg,trolley2,780.0,789.0,780.0,790.0,10.0,0.1999999999999964,255.0,224.0,49.4375,0.033309562508918505,,,0.1591796875,0.1590576171875,0.0009312629699707031,,0.0,0.0
110,110554,35,38.335478,Musashino_007_IchikawaOhno-FunabashiHoten_up_20240410_day,HD21,2024_0041_HD21_01_00004698.jpg,trolley2,780.0,789.0,780.0,790.0,10.0,0.1999999999999964,255.0,226.125,48.28125,0.032037258755018595,,,0.1591796875,0.1590576171875,0.0009312629699707031,,0.0,0.0
110,110555,35,38.33548,Musashino_007_IchikawaOhno-FunabashiHoten_up_20240410_day,HD21,2024_0041_HD21_01_00004698.jpg,trolley2,780.0,789.0,780.0,790.0,10.0,0.1999999999999964,254.0,226.375,48.4375,0.030719323815961083,,,0.1590576171875,0.1590576171875,0.0009312629699707031,,0.0,0.0
110,110556,35,38.335482,Musashino_007_IchikawaOhno-FunabashiHoten_up_20240410_day,HD21,2024_0041_HD21_01_00004698.jpg,trolley2,780.0,789.0,780.0,790.0,10.0,0.1999999999999964,252.0,224.125,49.9375,0.029367618847973474,,,0.1590576171875,0.1590576171875,0.0009312629699707031,,0.0,0.0
110,110557,35,38.335484,Musashino_007_IchikawaOhno-FunabashiHoten_up_20240410_day,HD21,2024_0041_HD21_01_00004698.jpg,trolley2,780.0,789.0,780.0,790.0,10.0,0.1999999999999964,253.0,225.5,49.125,0.02799298102982238,,,0.1590576171875,0.1590576171875,0.0009312629699707031,,0.0,0.0
110,110558,35,38.335486,Musashino_007_IchikawaOhno-FunabashiHoten_up_20240410_day,HD21,2024_0041_HD21_01_00004698.jpg,trolley2,780.0,789.0,780.0,790.0,10.0,0.1999999999999964,255.0,227.875,46.6875,0.026605268619646974,,,0.1590576171875,0.1590576171875,0.0009312629699707031,,0.0,0.0
110,110559,35,38.335488,Musashino_007_IchikawaOhno-FunabashiHoten_up_20240410_day,HD21,2024_0041_HD21_01_00004698.jpg,trolley2,780.0,790.0,780.0,790.0,10.0,0.1999999999999964,255.0,226.875,46.53125,0.0279491150112839,,,0.1590576171875,0.1590576171875,0.0009312629699707031,,0.0,0.0
110,110560,35,38.33549,Musashino_007_IchikawaOhno-FunabashiHoten_up_20240410_day,HD21,2024_0041_HD21_01_00004698.jpg,trolley2,780.0,790.0,780.0,790.0,10.0,0.1999999999999964,251.0,224.5,49.125,0.029003091383657517,,,0.1590576171875,0.1590576171875,0.0009312629699707031,,0.0,0.0
110,110561,35,38.335492,Musashino_007_IchikawaOhno-FunabashiHoten_up_20240410_day,HD21,2024_0041_HD21_01_00004698.jpg,trolley2,780.0,790.0,780.0,790.0,10.0,0.1999999999999964,254.0,227.0,47.34375,0.02979097108275171,,,0.1590576171875,0.1590576171875,0.0009312629699707031,,0.0,0.0
110,110562,35,38.335494,Musashino_007_IchikawaOhno-FunabashiHoten_up_20240410_day,HD21,2024_0041_HD21_01_00004698.jpg,trolley2,780.0,790.0,780.0,790.0,10.0,0.1999999999999964,255.0,228.125,46.46875,0.03033556068483661,,,0.1590576171875,0.1590576171875,0.0009312629699707031,,0.0,0.0
110,110563,35,38.335496,Musashino_007_IchikawaOhno-FunabashiHoten_up_20240410_day,HD21,2024_0041_HD21_01_00004698.jpg,trolley2,781.0,790.0,780.0,790.0,10.0,0.1999999999999964,255.0,226.625,46.46875,0.033394381968879186,,,0.1590576171875,0.1590576171875,0.0009312629699707031,,0.0,0.0
110,110564,35,38.335498,Musashino_007_IchikawaOhno-FunabashiHoten_up_20240410_day,HD21,2024_0041_HD21_01_00004698.jpg,trolley2,781.0,790.0,780.0,790.0,10.0,0.1999999999999964,254.0,225.125,47.8125,0.035958770155865565,,,0.1590576171875,0.1590576171875,0.0009312629699707031,,0.0,0.0
110,110565,35,38.3355,Musashino_007_IchikawaOhno-FunabashiHoten_up_20240410_day,HD21,2024_0041_HD21_01_00004698.jpg,trolley2,781.0,790.0,780.0,790.0,10.0,0.1999999999999964,253.0,225.375,47.90625,0.03806508112494166,,,0.1590576171875,0.1590576171875,0.0009312629699707031,,0.0,0.0
110,110566,35,38.335502,Musashino_007_IchikawaOhno-FunabashiHoten_up_20240410_day,HD21,2024_0041_HD21_01_00004698.jpg,trolley2,781.0,790.0,780.0,790.0,10.0,0.1999999999999964,255.0,226.875,47.53125,0.039748472129581186,,,0.1590576171875,0.1590576171875,0.0009312629699707031,,0.0,0.0
110,110567,35,38.335504,Musashino_007_IchikawaOhno-FunabashiHoten_up_20240410_day,HD21,2024_0041_HD21_01_00004698.jpg,trolley2,781.0,790.0,780.0,790.0,10.0,0.1999999999999964,255.0,227.5,46.3125,0.0410428315872213,,,0.1590576171875,0.1590576171875,0.0009312629699707031,,0.0,0.0
110,110568,35,38.335506,Musashino_007_IchikawaOhno-FunabashiHoten_up_20240410_day,HD21,2024_0041_HD21_01_00004698.jpg,trolley2,781.0,790.0,780.0,790.0,10.0,0.1999999999999964,253.0,227.125,47.96875,0.04198072296622702,,,0.1590576171875,0.1590576171875,0.0009312629699707031,,0.0,0.0
110,110569,35,38.335508,Musashino_007_IchikawaOhno-FunabashiHoten_up_20240410_day,HD21,2024_0041_HD21_01_00004698.jpg,trolley2,781.0,790.0,780.0,790.0,10.0,0.1999999999999964,254.0,226.5,48.4375,0.04259334164057788,,,0.1590576171875,0.1590576171875,0.0009312629699707031,,0.0,0.0
110,110570,35,38.33551,Musashino_007_IchikawaOhno-FunabashiHoten_up_20240410_day,HD21,2024_0041_HD21_01_00004698.jpg,trolley2,781.0,790.0,780.0,790.0,10.0,0.1999999999999964,254.0,225.5,48.96875,0.04291048362682095,,,0.1590576171875,0.1590576171875,0.0009312629699707031,,0.0,0.0
110,110571,35,38.335512,Musashino_007_IchikawaOhno-FunabashiHoten_up_20240410_day,HD21,2024_0041_HD21_01_00004698.jpg,trolley2,781.0,790.0,781.0,790.0,9.0,0.19694638556692917,255.0,237.375,33.8125,0.04296052516344865,,,0.1590576171875,0.1590576171875,0.0009312629699707031,,0.0,0.0
110,110572,35,38.335513999999996,Musashino_007_IchikawaOhno-FunabashiHoten_up_20240410_day,HD21,2024_0041_HD21_01_00004698.jpg,trolley2,781.0,790.0,781.0,791.0,10.0,0.19694638556692917,253.0,225.75,48.84375,0.04277041213949872,,,0.1590576171875,0.1590576171875,0.0009312629699707031,,0.0,0.0
110,110573,35,38.335516,Musashino_007_IchikawaOhno-FunabashiHoten_up_20240410_day,HD21,2024_0041_HD21_01_00004698.jpg,trolley2,781.0,790.0,781.0,791.0,10.0,0.19694638556692917,251.0,225.875,48.40625,0.04236565842650453,,,0.1590576171875,0.1590576171875,0.0009312629699707031,,0.0,0.0
110,110574,35,38.335518,Musashino_007_IchikawaOhno-FunabashiHoten_up_20240410_day,HD21,2024_0041_HD21_01_00004698.jpg,trolley2,781.0,790.0,781.0,791.0,10.0,0.19694638556692917,252.0,226.75,47.3125,0.04177035221559354,,,0.1590576171875,0.1590576171875,0.0009312629699707031,,0.0,0.0
110,110575,35,38.33552,Musashino_007_IchikawaOhno-FunabashiHoten_up_20240410_day,HD21,2024_0041_HD21_01_00004698.jpg,trolley2,781.0,790.0,781.0,791.0,10.0,0.19694638556692917,253.0,227.375,46.25,0.041007169509280114,,,0.1590576171875,0.1590576171875,0.0009312629699707031,,0.0,0.0
110,110576,35,38.335522,Musashino_007_IchikawaOhno-FunabashiHoten_up_20240410_day,HD21,2024_0041_HD21_01_00004698.jpg,trolley2,781.0,790.0,781.0,791.0,10.0,0.19694638556692917,255.0,225.875,48.625,0.040097393965004245,,,0.1590576171875,0.1590576171875,0.0009312629699707031,,0.0,0.0
110,110577,35,38.335524,Musashino_007_IchikawaOhno-FunabashiHoten_up_20240410_day,HD21,2024_0041_HD21_01_00004698.jpg,trolley2,781.0,790.0,781.0,791.0,10.0,0.19694638556692917,255.0,228.125,46.3125,0.03906094233455585,,,0.1590576171875,0.1590576171875,0.0009312629699707031,,0.0,0.0
110,110578,35,38.335526,Musashino_007_IchikawaOhno-FunabashiHoten_up_20240410_day,HD21,2024_0041_HD21_01_00004698.jpg,trolley2,781.0,790.0,781.0,791.0,10.0,0.19694638556692917,255.0,229.125,44.875,0.0379163947899258,,,0.1590576171875,0.1590576171875,0.0009312629699707031,,0.0,0.0
110,110579,35,38.335528,Musashino_007_IchikawaOhno-FunabashiHoten_up_20240410_day,HD21,2024_0041_HD21_01_00004698.jpg,trolley2,781.0,790.0,781.0,791.0,10.0,0.19694638556692917,255.0,228.25,46.125,0.03668102947169383,,,0.1590576171875,0.1590576171875,0.0009312629699707031,,0.0,0.0
110,110580,35,38.33553,Musashino_007_IchikawaOhno-FunabashiHoten_up_20240410_day,HD21,2024_0041_HD21_01_00004698.jpg,trolley2,781.0,790.0,781.0,791.0,10.0,0.19694638556692917,254.0,227.5,47.75,0.03537086064061368,,,0.1590576171875,0.1590576171875,0.0009312629699707031,,0.0,0.0
110,110581,35,38.335532,Musashino_007_IchikawaOhno-FunabashiHoten_up_20240410_day,HD21,2024_0041_HD21_01_00004698.jpg,trolley2,781.0,791.0,781.0,791.0,10.0,0.19694638556692917,253.0,228.375,47.46875,0.03673638809152229,,,0.1590576171875,0.1590576171875,0.0009312629699707031,,0.0,0.0
110,110582,35,38.335534,Musashino_007_IchikawaOhno-FunabashiHoten_up_20240410_day,HD21,2024_0041_HD21_01_00004698.jpg,trolley2,781.0,791.0,781.0,791.0,10.0,0.19694638556692917,252.0,229.125,46.5,0.037761757217943503,,,0.1590576171875,0.1590576171875,0.0009312629699707031,,0.0,0.0
110,110583,35,38.335536,Musashino_007_IchikawaOhno-FunabashiHoten_up_20240410_day,HD21,2024_0041_HD21_01_00004698.jpg,trolley2,781.0,791.0,781.0,791.0,10.0,0.19694638556692917,251.0,229.125,46.03125,0.03847602267135725,,,0.1590576171875,0.1590576171875,0.0009312629699707031,,0.0,0.0
110,110584,35,38.335538,Musashino_007_IchikawaOhno-FunabashiHoten_up_20240410_day,HD21,2024_0041_HD21_01_00004698.jpg,trolley2,781.0,791.0,781.0,791.0,10.0,0.19694638556692917,255.0,227.125,45.125,0.03890698037800271,,,0.1590576171875,0.1590576171875,0.0009312629699707031,,0.0,0.0
110,110585,35,38.33554,Musashino_007_IchikawaOhno-FunabashiHoten_up_20240410_day,HD21,2024_0041_HD21_01_00004698.jpg,trolley2,781.0,791.0,781.0,791.0,10.0,0.19694638556692917,255.0,224.875,47.28125,0.039081143730030236,,,0.1590576171875,0.1590576171875,0.0009312629699707031,,0.0,0.0
110,110586,35,38.335542,Musashino_007_IchikawaOhno-FunabashiHoten_up_20240410_day,HD21,2024_0041_HD21_01_00004698.jpg,trolley2,782.0,791.0,781.0,791.0,10.0,0.19694638556692917,255.0,223.625,48.6875,0.04175943745531003,,,0.1590576171875,0.1590576171875,0.0009312629699707031,,0.0,0.0
110,110587,35,38.335544,Musashino_007_IchikawaOhno-FunabashiHoten_up_20240410_day,HD21,2024_0041_HD21_01_00004698.jpg,trolley2,782.0,791.0,781.0,791.0,10.0,0.19694638556692917,255.0,225.5,48.0,0.04393630820429678,,,0.1590576171875,0.1590576171875,0.0009312629699707031,,0.0,0.0
110,110588,35,38.335546,Musashino_007_IchikawaOhno-FunabashiHoten_up_20240410_day,HD21,2024_0041_HD21_01_00004698.jpg,trolley2,782.0,791.0,781.0,791.0,10.0,0.19694638556692917,255.0,228.125,45.3125,0.04565094445042207,,,0.1590576171875,0.1590576171875,0.0009312629699707031,,0.0,0.0
110,110589,35,38.335548,Musashino_007_IchikawaOhno-FunabashiHoten_up_20240410_day,HD21,2024_0041_HD21_01_00004698.jpg,trolley2,782.0,791.0,781.0,791.0,10.0,0.19694638556692917,255.0,229.25,45.5,0.04694107012351016,,,0.1590576171875,0.1590576171875,0.0009312629699707031,,0.0,0.0
110,110590,35,38.33555,Musashino_007_IchikawaOhno-FunabashiHoten_up_20240410_day,HD21,2024_0041_HD21_01_00004698.jpg,trolley2,782.0,791.0,781.0,791.0,10.0,0.19694638556692917,254.0,228.0,46.0625,0.04784288745523796,,,0.1590576171875,0.1590576171875,0.0009312629699707031,,0.0,0.0
110,110591,35,38.335552,Musashino_007_IchikawaOhno-FunabashiHoten_up_20240410_day,HD21,2024_0041_HD21_01_00004698.jpg,trolley2,782.0,791.0,781.0,791.0,10.0,0.19694638556692917,253.0,227.0,47.4375,0.048391033974944285,,,0.1590576171875,0.1590576171875,0.0009312629699707031,,0.0,0.0
110,110592,35,38.335554,Musashino_007_IchikawaOhno-FunabashiHoten_up_20240410_day,HD21,2024_0041_HD21_01_00004698.jpg,trolley2,782.0,791.0,781.0,791.0,10.0,0.19694638556692917,255.0,227.625,46.15625,0.048618552449052964,,,0.1590576171875,0.1590576171875,0.0009312629699707031,,0.0,0.0
110,110593,35,38.335556,Musashino_007_IchikawaOhno-FunabashiHoten_up_20240410_day,HD21,2024_0041_HD21_01_00004698.jpg,trolley2,782.0,791.0,782.0,791.0,9.0,0.21904291355758762,254.0,237.75,35.1875,0.048556872609521746,,,0.1590576171875,0.1590576171875,0.0009312629699707031,,0.0,0.0
110,110594,35,38.335558,Musashino_007_IchikawaOhno-FunabashiHoten_up_20240410_day,HD21,2024_0041_HD21_01_00004698.jpg,trolley2,782.0,791.0,782.0,792.0,10.0,0.21904291355758762,255.0,224.875,52.3125,0.04823580356989363,,,0.1590576171875,0.1590576171875,0.0009312629699707031,,0.0,0.0
110,110595,35,38.33556,Musashino_007_IchikawaOhno-FunabashiHoten_up_20240410_day,HD21,2024_0041_HD21_01_00004698.jpg,trolley2,782.0,791.0,782.0,792.0,10.0,0.21904291355758762,255.0,225.375,51.09375,0.0476835358812908,,,0.1590576171875,0.1590576171875,0.0009312629699707031,,0.0,0.0
110,110596,35,38.335562,Musashino_007_IchikawaOhno-FunabashiHoten_up_20240410_day,HD21,2024_0041_HD21_01_00004698.jpg,trolley2,782.0,791.0,782.0,792.0,10.0,0.21904291355758762,254.0,226.125,49.375,0.04692665223471705,,,0.1590576171875,0.1590576171875,0.0009312629699707031,,0.0,0.0
110,110597,35,38.335564,Musashino_007_IchikawaOhno-FunabashiHoten_up_20240410_day,HD21,2024_0041_HD21_01_00004698.jpg,trolley2,782.0,791.0,782.0,792.0,10.0,0.21904291355758762,253.0,227.125,47.6875,0.04599014586998063,,,0.1590576171875,0.1590576171875,0.0009312629699707031,,0.0,0.0
110,110598,35,38.335566,Musashino_007_IchikawaOhno-FunabashiHoten_up_20240410_day,HD21,2024_0041_HD21_01_00004698.jpg,trolley2,782.0,791.0,782.0,792.0,10.0,0.21904291355758762,253.0,226.875,47.09375,0.0448974458051477,,,0.1590576171875,0.1590576171875,0.0009312629699707031,,0.0,0.0
110,110599,35,38.335568,Musashino_007_IchikawaOhno-FunabashiHoten_up_20240410_day,HD21,2024_0041_HD21_01_00004698.jpg,trolley2,782.0,791.0,782.0,792.0,10.0,0.21904291355758762,254.0,227.625,46.78125,0.043670448053422066,,,0.1590576171875,0.1590576171875,0.0009312629699707031,,0.0,0.0
110,110600,35,38.33557,Musashino_007_IchikawaOhno-FunabashiHoten_up_20240410_day,HD21,2024_0041_HD21_01_00004698.jpg,trolley2,782.0,791.0,782.0,792.0,10.0,0.21904291355758762,253.0,228.75,45.53125,0.042329552046481415,,,0.1590576171875,0.1590576171875,0.0009312629699707031,,0.0,0.0
110,110601,35,38.335572,Musashino_007_IchikawaOhno-FunabashiHoten_up_20240410_day,HD21,2024_0041_HD21_01_00004698.jpg,trolley2,782.0,791.0,782.0,792.0,10.0,0.21904291355758762,255.0,226.0,47.1875,0.0408937015344013,,,0.1590576171875,0.1590576171875,0.0009312629699707031,,0.0,0.0
110,110602,35,38.335574,Musashino_007_IchikawaOhno-FunabashiHoten_up_20240410_day,HD21,2024_0041_HD21_01_00004698.jpg,trolley2,782.0,791.0,782.0,792.0,10.0,0.21904291355758762,255.0,227.125,47.28125,0.03938042928218876,,,0.1590576171875,0.1590576171875,0.0009312629699707031,,0.0,0.0
110,110603,35,38.335576,Musashino_007_IchikawaOhno-FunabashiHoten_up_20240410_day,HD21,2024_0041_HD21_01_00004698.jpg,trolley2,782.0,791.0,782.0,792.0,10.0,0.21904291355758762,254.0,227.5,46.96875,0.0378059049314665,,,0.1590576171875,0.1590576171875,0.0009312629699707031,,0.0,0.0
110,110604,35,38.335578,Musashino_007_IchikawaOhno-FunabashiHoten_up_20240410_day,HD21,2024_0041_HD21_01_00004698.jpg,trolley2,782.0,791.0,782.0,792.0,10.0,0.21904291355758762,255.0,225.5,48.28125,0.03618498544288136,,,0.1590576171875,0.1590576171875,0.0009312629699707031,,0.0,0.0
110,110605,35,38.33558,Musashino_007_IchikawaOhno-FunabashiHoten_up_20240410_day,HD21,2024_0041_HD21_01_00004698.jpg,trolley2,782.0,791.0,782.0,792.0,10.0,0.21904291355758762,255.0,226.375,47.9375,0.03453126758024922,,,0.1590576171875,0.1590576171875,0.0009312629699707031,,0.0,0.0
110,110606,35,38.335582,Musashino_007_IchikawaOhno-FunabashiHoten_up_20240410_day,HD21,2024_0041_HD21_01_00004698.jpg,trolley2,782.0,791.0,782.0,792.0,10.0,0.21904291355758762,254.0,228.0,46.03125,0.03285714194120375,,,0.1590576171875,0.1590576171875,0.0009312629699707031,,0.0,0.0
110,110607,35,38.335584,Musashino_007_IchikawaOhno-FunabashiHoten_up_20240410_day,HD21,2024_0041_HD21_01_00004698.jpg,trolley2,782.0,791.0,782.0,792.0,10.0,0.21904291355758762,255.0,227.125,46.03125,0.03117384808112693,,,0.1590576171875,0.1590576171875,0.0009312629699707031,,0.0,0.0
110,110608,35,38.335586,Musashino_007_IchikawaOhno-FunabashiHoten_up_20240410_day,HD21,2024_0041_HD21_01_00004698.jpg,trolley2,782.0,791.0,782.0,792.0,10.0,0.21904291355758762,255.0,227.875,47.40625,0.029491530317335916,,,0.1590576171875,0.1590576171875,0.0009312629699707031,,0.0,0.0
110,110609,35,38.335588,Musashino_007_IchikawaOhno-FunabashiHoten_up_20240410_day,HD21,2024_0041_HD21_01_00004698.jpg,trolley2,782.0,791.0,782.0,792.0,10.0,0.21904291355758762,254.0,226.75,48.375,0.027819293838877653,,,0.1590576171875,0.1590576171875,0.0009312629699707031,,0.0,0.0
110,110610,35,38.33559,Musashino_007_IchikawaOhno-FunabashiHoten_up_20240410_day,HD21,2024_0041_HD21_01_00004698.jpg,trolley2,782.0,791.0,782.0,792.0,10.0,0.21904291355758762,252.0,226.5,47.90625,0.02616526078378946,,,0.1590576171875,0.1590576171875,0.0009312629699707031,,0.0,0.0
110,110611,35,38.335592,Musashino_007_IchikawaOhno-FunabashiHoten_up_20240410_day,HD21,2024_0041_HD21_01_00004698.jpg,trolley2,782.0,792.0,782.0,792.0,10.0,0.21904291355758762,253.0,228.25,47.03125,0.02727233421537967,,,0.1590576171875,0.1590576171875,0.0009312629699707031,,0.0,0.0
110,110612,35,38.335594,Musashino_007_IchikawaOhno-FunabashiHoten_up_20240410_day,HD21,2024_0041_HD21_01_00004698.jpg,trolley2,782.0,792.0,782.0,792.0,10.0,0.21904291355758762,255.0,229.875,46.15625,0.028117369648972157,,,0.1590576171875,0.1590576171875,0.0009312629699707031,,0.0,0.0
110,110613,35,38.335596,Musashino_007_IchikawaOhno-FunabashiHoten_up_20240410_day,HD21,2024_0041_HD21_01_00004698.jpg,trolley2,782.0,792.0,782.0,792.0,10.0,0.21904291355758762,255.0,230.875,45.78125,0.028722447326309204,,,0.1590576171875,0.1590576171875,0.0009312629699707031,,0.0,0.0
110,110614,35,38.335598,Musashino_007_IchikawaOhno-FunabashiHoten_up_20240410_day,HD21,2024_0041_HD21_01_00004698.jpg,trolley2,782.0,792.0,782.0,792.0,10.0,0.21904291355758762,255.0,230.375,45.875,0.02910871024347811,,,0.1590576171875,0.1590576171875,0.0009312629699707031,,0.0,0.0
110,110615,35,38.3356,Musashino_007_IchikawaOhno-FunabashiHoten_up_20240410_day,HD21,2024_0041_HD21_01_00004698.jpg,trolley2,782.0,792.0,782.0,792.0,10.0,0.21904291355758762,252.0,228.125,46.84375,0.029296343981655527,,,0.1590576171875,0.1590576171875,0.0009312629699707031,,0.0,0.0
110,110616,35,38.335602,Musashino_007_IchikawaOhno-FunabashiHoten_up_20240410_day,HD21,2024_0041_HD21_01_00004698.jpg,trolley2,783.0,792.0,782.0,792.0,10.0,0.21904291355758762,253.0,226.75,44.28125,0.03204027206674265,,,0.1590576171875,0.1590576171875,0.0009312629699707031,,0.0,0.0
110,110617,35,38.335604,Musashino_007_IchikawaOhno-FunabashiHoten_up_20240410_day,HD21,2024_0041_HD21_01_00004698.jpg,trolley2,783.0,792.0,782.0,792.0,10.0,0.21904291355758762,254.0,226.0,46.625,0.03432926610721546,,,0.1590576171875,0.1590576171875,0.0009312629699707031,,0.0,0.0
110,110618,35,38.335606,Musashino_007_IchikawaOhno-FunabashiHoten_up_20240410_day,HD21,2024_0041_HD21_01_00004698.jpg,trolley2,783.0,792.0,782.0,792.0,10.0,0.21904291355758762,255.0,226.125,48.875,0.03619716350670771,,,0.1590576171875,0.1590576171875,0.0009312629699707031,,0.0,0.0
110,110619,35,38.335608,Musashino_007_IchikawaOhno-FunabashiHoten_up_20240410_day,HD21,2024_0041_HD21_01_00004698.jpg,trolley2,783.0,792.0,782.0,792.0,10.0,0.19694638556692914,255.0,226.875,48.5625,0.03767665735998245,,,0.1590576171875,0.1590576171875,0.0009312629699707031,,0.0,0.0
110,110620,35,38.33561,Musashino_007_IchikawaOhno-FunabashiHoten_up_20240410_day,HD21,2024_0041_HD21_01_00004698.jpg,trolley2,783.0,792.0,782.0,792.0,10.0,0.19694638556692914,255.0,227.5,47.59375,0.03879923418968597,,,0.1590576171875,0.1590576171875,0.0009312629699707031,,0.0,0.0
110,110621,35,38.335612,Musashino_007_IchikawaOhno-FunabashiHoten_up_20240410_day,HD21,2024_0041_HD21_01_00004698.jpg,trolley2,783.0,792.0,782.0,792.0,10.0,0.19694638556692914,255.0,226.125,48.46875,0.03959512462988563,,,0.1590576171875,0.1590576171875,0.0009312629699707031,,0.0,0.0
110,110622,35,38.335614,Musashino_007_IchikawaOhno-FunabashiHoten_up_20240410_day,HD21,2024_0041_HD21_01_00004698.jpg,trolley2,783.0,792.0,782.0,792.0,10.0,0.19694638556692914,254.0,223.625,51.78125,0.04009326600684342,,,0.1590576171875,0.1590576171875,0.0009312629699707031,,0.0,0.0
110,110623,35,38.335616,Musashino_007_IchikawaOhno-FunabashiHoten_up_20240410_day,HD21,2024_0041_HD21_01_00004698.jpg,trolley2,783.0,792.0,782.0,792.0,10.0,0.19694638556692914,253.0,221.625,54.875,0.04032127580933264,,,0.1590576171875,0.1590576171875,0.0009312629699707031,,0.0,0.0
110,110624,35,38.335618,Musashino_007_IchikawaOhno-FunabashiHoten_up_20240410_day,HD21,2024_0041_HD21_01_00004698.jpg,trolley2,783.0,792.0,783.0,792.0,9.0,0.21904291355758762,255.0,235.75,38.40625,0.040305435083926394,,,0.1590576171875,0.1590576171875,0.0009312629699707031,,0.0,0.0
110,110625,35,38.33562,Musashino_007_IchikawaOhno-FunabashiHoten_up_20240410_day,HD21,2024_0041_HD21_01_00004698.jpg,trolley2,783.0,792.0,783.0,793.0,10.0,0.21904291355758762,255.0,222.875,54.09375,0.04007068083467086,,,0.1590576171875,0.1590576171875,0.0009312629699707031,,0.0,0.0
110,110626,35,38.335622,Musashino_007_IchikawaOhno-FunabashiHoten_up_20240410_day,HD21,2024_0041_HD21_01_00004698.jpg,trolley2,783.0,792.0,783.0,793.0,10.0,0.21904291355758762,255.0,222.25,55.0,0.03964060655110997,,,0.1590576171875,0.1590576171875,0.0009312629699707031,,0.0,0.0
110,110627,35,38.335624,Musashino_007_IchikawaOhno-FunabashiHoten_up_20240410_day,HD21,2024_0041_HD21_01_00004698.jpg,trolley2,783.0,792.0,783.0,793.0,10.0,0.21904291355758762,255.0,222.5,54.59375,0.03903747003342643,,,0.1590576171875,0.1590576171875,0.0009312629699707031,,0.0,0.0
110,110628,35,38.335626,Musashino_007_IchikawaOhno-FunabashiHoten_up_20240410_day,HD21,2024_0041_HD21_01_00004698.jpg,trolley2,783.0,792.0,783.0,793.0,10.0,0.21904291355758762,255.0,222.375,54.65625,0.038282207728250625,,,0.1590576171875,0.1590576171875,0.0009312629699707031,,0.0,0.0
110,110629,35,38.335628,Musashino_007_IchikawaOhno-FunabashiHoten_up_20240410_day,HD21,2024_0041_HD21_01_00004698.jpg,trolley2,783.0,792.0,783.0,793.0,10.0,0.21904291355758762,255.0,222.25,54.8125,0.037394454833212604,,,0.1590576171875,0.1590576171875,0.0009312629699707031,,0.0,0.0
110,110630,35,38.33563,Musashino_007_IchikawaOhno-FunabashiHoten_up_20240410_day,HD21,2024_0041_HD21_01_00004698.jpg,trolley2,783.0,792.0,783.0,793.0,10.0,0.21904291355758762,255.0,223.0,53.78125,0.03639257047235094,,,0.1590576171875,0.1590576171875,0.0009312629699707031,,0.0,0.0
110,110631,35,38.335632,Musashino_007_IchikawaOhno-FunabashiHoten_up_20240410_day,HD21,2024_0041_HD21_01_00004698.jpg,trolley2,783.0,792.0,783.0,793.0,10.0,0.21904291355758762,255.0,224.125,52.25,0.035293667287876425,,,0.1590576171875,0.1590576171875,0.0009312629699707031,,0.0,0.0
110,110632,35,38.335634,Musashino_007_IchikawaOhno-FunabashiHoten_up_20240410_day,HD21,2024_0041_HD21_01_00004698.jpg,trolley2,783.0,792.0,783.0,793.0,10.0,0.21904291355758762,249.0,223.375,51.40625,0.03411364483631743,,,0.1590576171875,0.1590576171875,0.0009312629699707031,,0.0,0.0
110,110633,35,38.335636,Musashino_007_IchikawaOhno-FunabashiHoten_up_20240410_day,HD21,2024_0041_HD21_01_00004698.jpg,trolley2,784.0,792.0,783.0,793.0,10.0,0.21904291355758762,252.0,220.25,53.4375,0.035602934453692316,,,0.1590576171875,0.1590576171875,0.0009312629699707031,,0.0,0.0
110,110634,35,38.335638,Musashino_007_IchikawaOhno-FunabashiHoten_up_20240410_day,HD21,2024_0041_HD21_01_00004698.jpg,trolley2,784.0,792.0,783.0,793.0,10.0,0.21904291355758762,255.0,217.75,53.375,0.036745654981900217,,,0.1590576171875,0.1590576171875,0.0009312629699707031,,0.0,0.0
110,110635,35,38.33564,Musashino_007_IchikawaOhno-FunabashiHoten_up_20240410_day,HD21,2024_0041_HD21_01_00004698.jpg,trolley2,784.0,792.0,783.0,793.0,10.0,0.21904291355758762,255.0,218.25,51.46875,0.037570872302583026,,,0.1590576171875,0.1590576171875,0.0009312629699707031,,0.0,0.0
110,110636,35,38.335642,Musashino_007_IchikawaOhno-FunabashiHoten_up_20240410_day,HD21,2024_0041_HD21_01_00004698.jpg,trolley2,784.0,792.0,783.0,793.0,10.0,0.21904291355758762,255.0,219.125,51.125,0.03810642744221787,,,0.1590576171875,0.1590576171875,0.0009312629699707031,,0.0,0.0
110,110637,35,38.335644,Musashino_007_IchikawaOhno-FunabashiHoten_up_20240410_day,HD21,2024_0041_HD21_01_00004698.jpg,trolley2,784.0,792.0,783.0,793.0,10.0,0.21904291355758762,255.0,218.375,52.40625,0.03837890906487071,,,0.1590576171875,0.1590576171875,0.0009312629699707031,,0.0,0.0
110,110638,35,38.335646,Musashino_007_IchikawaOhno-FunabashiHoten_up_20240410_day,HD21,2024_0041_HD21_01_00004698.jpg,trolley2,784.0,792.0,783.0,793.0,10.0,0.21904291355758762,255.0,218.5,52.40625,0.038413635620360556,,,0.1590576171875,0.1590576171875,0.0009312629699707031,,0.0,0.0
110,110639,35,38.335648,Musashino_007_IchikawaOhno-FunabashiHoten_up_20240410_day,HD21,2024_0041_HD21_01_00004698.jpg,trolley2,784.0,792.0,783.0,793.0,10.0,0.21904291355758762,255.0,219.125,52.125,0.038234646261536415,,,0.1590576171875,0.1590576171875,0.0009312629699707031,,0.0,0.0
110,110640,35,38.33565,Musashino_007_IchikawaOhno-FunabashiHoten_up_20240410_day,HD21,2024_0041_HD21_01_00004698.jpg,trolley2,784.0,792.0,783.0,793.0,10.0,0.21904291355758762,251.0,219.625,51.09375,0.03786469968672725,,,0.1590576171875,0.1590576171875,0.0009312629699707031,,0.0,0.0
110,110641,35,38.335652,Musashino_007_IchikawaOhno-FunabashiHoten_up_20240410_day,HD21,2024_0041_HD21_01_00004698.jpg,trolley2,784.0,792.0,783.0,793.0,10.0,0.21904291355758762,252.0,219.125,51.75,0.037325280106053633,,,0.1590576171875,0.1590576171875,0.0009312629699707031,,0.0,0.0
110,110642,35,38.335654,Musashino_007_IchikawaOhno-FunabashiHoten_up_20240410_day,HD21,2024_0041_HD21_01_00004698.jpg,trolley2,784.0,793.0,783.0,793.0,10.0,0.21904291355758762,254.0,221.0,50.84375,0.0393723178080449,,,0.1590576171875,0.1590576171875,0.0009312629699707031,,0.0,0.0
110,110643,35,38.335656,Musashino_007_IchikawaOhno-FunabashiHoten_up_20240410_day,HD21,2024_0041_HD21_01_00004698.jpg,trolley2,784.0,793.0,783.0,793.0,10.0,0.21904291355758762,254.0,221.75,51.34375,0.04099532353260308,,,0.1590576171875,0.1590576171875,0.0009312629699707031,,0.0,0.0
110,110644,35,38.335658,Musashino_007_IchikawaOhno-FunabashiHoten_up_20240410_day,HD21,2024_0041_HD21_01_00004698.jpg,trolley2,784.0,793.0,783.0,793.0,10.0,0.19694638556692914,253.0,220.25,53.15625,0.042228629413261415,,,0.1590576171875,0.1590576171875,0.0009312629699707031,,0.0,0.0
110,110645,35,38.33566,Musashino_007_IchikawaOhno-FunabashiHoten_up_20240410_day,HD21,2024_0041_HD21_01_00004698.jpg,trolley2,784.0,793.0,783.0,793.0,10.0,0.17144660799776132,254.0,219.625,54.15625,0.04310520107276893,,,0.1590576171875,0.1590576171875,0.0009312629699707031,,0.0,0.0
110,110646,35,38.335662,Musashino_007_IchikawaOhno-FunabashiHoten_up_20240410_day,HD21,2024_0041_HD21_01_00004698.jpg,trolley2,784.0,793.0,783.0,793.0,10.0,0.17144660799776132,255.0,218.875,54.0625,0.04365659651289397,,,0.1590576171875,0.1590576171875,0.0009312629699707031,,0.0,0.0
110,110647,35,38.335664,Musashino_007_IchikawaOhno-FunabashiHoten_up_20240410_day,HD21,2024_0041_HD21_01_00004698.jpg,trolley2,784.0,792.0,783.0,793.0,10.0,0.17144660799776132,255.0,216.375,54.6875,0.04117722866030372,,,0.1590576171875,0.1590576171875,0.0009312629699707031,,0.0,0.0
110,110648,35,38.335666,Musashino_007_IchikawaOhno-FunabashiHoten_up_20240410_day,HD21,2024_0041_HD21_01_00004698.jpg,trolley2,784.0,793.0,783.0,793.0,10.0,0.17144660799776132,254.0,218.75,54.84375,0.041460938829471744,,,0.1590576171875,0.1590576171875,0.0009312629699707031,,0.0,0.0
110,110649,35,38.335668,Musashino_007_IchikawaOhno-FunabashiHoten_up_20240410_day,HD21,2024_0041_HD21_01_00004698.jpg,trolley2,784.0,793.0,784.0,793.0,9.0,0.19694638556692914,255.0,231.25,43.15625,0.04148888658373301,,,0.1590576171875,0.1590576171875,0.0009312629699707031,,0.0,0.0
110,110650,35,38.33567,Musashino_007_IchikawaOhno-FunabashiHoten_up_20240410_day,HD21,2024_0041_HD21_01_00004698.jpg,trolley2,784.0,793.0,784.0,794.0,10.0,0.19694638556692914,254.0,218.875,54.8125,0.041286983259353593,,,0.1590576171875,0.1590576171875,0.0009312629699707031,,0.0,0.0
110,110651,35,38.335672,Musashino_007_IchikawaOhno-FunabashiHoten_up_20240410_day,HD21,2024_0041_HD21_01_00004698.jpg,trolley2,784.0,793.0,784.0,794.0,10.0,0.19694638556692914,254.0,221.5,53.21875,0.04087975722971312,,,0.1590576171875,0.1590576171875,0.0009312629699707031,,0.0,0.0
110,110652,35,38.335674,Musashino_007_IchikawaOhno-FunabashiHoten_up_20240410_day,HD21,2024_0041_HD21_01_00004698.jpg,trolley2,784.0,793.0,784.0,794.0,10.0,0.19694638556692914,254.0,221.25,52.71875,0.040290360635416085,,,0.1590576171875,0.1590576171875,0.0009312629699707031,,0.0,0.0
110,110653,35,38.335676,Musashino_007_IchikawaOhno-FunabashiHoten_up_20240410_day,HD21,2024_0041_HD21_01_00004698.jpg,trolley2,785.0,793.0,784.0,794.0,10.0,0.19694638556692914,254.0,217.875,53.71875,0.04227629119355937,,,0.1590576171875,0.1590576171875,0.0009312629699707031,,0.0,0.0
110,110654,35,38.335678,Musashino_007_IchikawaOhno-FunabashiHoten_up_20240410_day,HD21,2024_0041_HD21_01_00004698.jpg,trolley2,785.0,793.0,784.0,794.0,10.0,0.19694638556692914,255.0,218.875,52.71875,0.04382852823659264,,,0.1590576171875,0.1590576171875,0.0009312629699707031,,0.0,0.0
110,110655,35,38.335679999999996,Musashino_007_IchikawaOhno-FunabashiHoten_up_20240410_day,HD21,2024_0041_HD21_01_00004698.jpg,trolley2,785.0,793.0,784.0,794.0,10.0,0.19694638556692914,255.0,218.125,52.90625,0.04498277569148511,,,0.1590576171875,0.1590576171875,0.0009312629699707031,,0.0,0.0
110,110656,35,38.335682,Musashino_007_IchikawaOhno-FunabashiHoten_up_20240410_day,HD21,2024_0041_HD21_01_00004698.jpg,trolley2,785.0,793.0,784.0,794.0,10.0,0.19694638556692914,252.0,217.0,53.5625,0.04577327653426563,,,0.1590576171875,0.1590576171875,0.0009312629699707031,,0.0,0.0
110,110657,35,38.335684,Musashino_007_IchikawaOhno-FunabashiHoten_up_20240410_day,HD21,2024_0041_HD21_01_00004698.jpg,trolley2,785.0,793.0,784.0,794.0,10.0,0.19694638556692914,253.0,219.0,51.75,0.04623277431510521,,,0.1590576171875,0.1590576171875,0.0009312629699707031,,0.0,0.0
110,110658,35,38.335686,Musashino_007_IchikawaOhno-FunabashiHoten_up_20240410_day,HD21,2024_0041_HD21_01_00004698.jpg,trolley2,785.0,793.0,784.0,794.0,10.0,0.19694638556692914,254.0,218.375,52.4375,0.04639248680829156,,,0.1590576171875,0.1590576171875,0.0009312629699707031,,0.0,0.0
110,110659,35,38.335688,Musashino_007_IchikawaOhno-FunabashiHoten_up_20240410_day,HD21,2024_0041_HD21_01_00004698.jpg,trolley2,785.0,793.0,784.0,794.0,10.0,0.19694638556692914,251.0,217.625,51.3125,0.046282090695635006,,,0.1590576171875,0.1590576171875,0.0009312629699707031,,0.0,0.0
110,110660,35,38.33569,Musashino_007_IchikawaOhno-FunabashiHoten_up_20240410_day,HD21,2024_0041_HD21_01_00004698.jpg,trolley2,785.0,793.0,784.0,794.0,10.0,0.19694638556692914,255.0,218.125,52.4375,0.04592971624271866,,,0.1590576171875,0.1590576171875,0.0009312629699707031,,0.0,0.0
110,110661,35,38.335692,Musashino_007_IchikawaOhno-FunabashiHoten_up_20240410_day,HD21,2024_0041_HD21_01_00004698.jpg,trolley2,785.0,793.0,784.0,794.0,10.0,0.19694638556692914,254.0,219.25,50.15625,0.04536195097876871,,,0.1590576171875,0.1590576171875,0.0009312629699707031,,0.0,0.0
110,110662,35,38.335694,Musashino_007_IchikawaOhno-FunabashiHoten_up_20240410_day,HD21,2024_0041_HD21_01_00004698.jpg,trolley2,785.0,793.0,784.0,794.0,10.0,0.19694638556692914,255.0,218.5,51.21875,0.04460385144247079,,,0.1590576171875,0.1590576171875,0.0009312629699707031,,0.0,0.0
110,110663,35,38.335696,Musashino_007_IchikawaOhno-FunabashiHoten_up_20240410_day,HD21,2024_0041_HD21_01_00004698.jpg,trolley2,785.0,793.0,784.0,794.0,10.0,0.19694638556692914,255.0,219.375,50.9375,0.043678962107477154,,,0.1590576171875,0.1590576171875,0.0009312629699707031,,0.0,0.0
110,110664,35,38.335698,Musashino_007_IchikawaOhno-FunabashiHoten_up_20240410_day,HD21,2024_0041_HD21_01_00004698.jpg,trolley2,785.0,793.0,784.0,794.0,10.0,0.19694638556692914,255.0,216.75,53.40625,0.042609340652392386,,,0.1590576171875,0.1590576171875,0.0009312629699707031,,0.0,0.0
110,110665,35,38.3357,Musashino_007_IchikawaOhno-FunabashiHoten_up_20240410_day,HD21,2024_0041_HD21_01_00004698.jpg,trolley2,785.0,793.0,784.0,794.0,10.0,0.19694638556692914,248.0,215.625,54.75,0.041415588790418,,,0.1590576171875,0.1590576171875,0.0009312629699707031,,0.0,0.0
110,110666,35,38.335702,Musashino_007_IchikawaOhno-FunabashiHoten_up_20240410_day,HD21,2024_0041_HD21_01_00004698.jpg,trolley2,785.0,794.0,784.0,794.0,10.0,0.19694638556692914,253.0,217.75,53.15625,0.042852596158465504,,,0.1590576171875,0.1590576171875,0.0009312629699707031,,0.0,0.0
110,110667,35,38.335704,Musashino_007_IchikawaOhno-FunabashiHoten_up_20240410_day,HD21,2024_0041_HD21_01_00004698.jpg,trolley2,786.0,794.0,784.0,794.0,10.0,0.19694638556692914,255.0,210.125,56.8125,0.0466444047362613,,,0.1590576171875,0.1590576171875,0.0009312629699707031,,0.0,0.0
110,110668,35,38.335706,Musashino_007_IchikawaOhno-FunabashiHoten_up_20240410_day,HD21,2024_0041_HD21_01_00004698.jpg,trolley2,785.0,794.0,784.0,794.0,10.0,0.19694638556692914,253.0,217.75,54.25,0.04705887828019437,,,0.1590576171875,0.1590576171875,0.0009312629699707031,,0.0,0.0
110,110669,35,38.335708,Musashino_007_IchikawaOhno-FunabashiHoten_up_20240410_day,HD21,2024_0041_HD21_01_00004698.jpg,trolley2,785.0,794.0,785.0,794.0,9.0,0.21904291355758762,255.0,230.125,41.71875,0.047173634910013994,,,0.1590576171875,0.1590576171875,0.0009312629699707031,,0.0,0.0
110,110670,35,38.33571,Musashino_007_IchikawaOhno-FunabashiHoten_up_20240410_day,HD21,2024_0041_HD21_01_00004698.jpg,trolley2,785.0,794.0,785.0,794.0,9.0,0.23868325657593972,255.0,230.25,42.40625,0.0470185903119667,,,0.1590576171875,0.1590576171875,0.0009312629699707031,,0.0,0.0
110,110671,35,38.335712,Musashino_007_IchikawaOhno-FunabashiHoten_up_20240410_day,HD21,2024_0041_HD21_01_00004698.jpg,trolley2,785.0,794.0,785.0,795.0,10.0,0.21904291355758762,250.0,219.125,53.65625,0.0466220877178025,,,0.1590576171875,0.1590576171875,0.0009312629699707031,,0.0,0.0
110,110672,35,38.335714,Musashino_007_IchikawaOhno-FunabashiHoten_up_20240410_day,HD21,2024_0041_HD21_01_00004698.jpg,trolley2,785.0,794.0,785.0,795.0,10.0,0.21904291355758762,255.0,221.125,52.0,0.04601090307292808,,,0.1590576171875,0.1590576171875,0.0009312629699707031,,0.0,0.0
110,110673,35,38.335716,Musashino_007_IchikawaOhno-FunabashiHoten_up_20240410_day,HD21,2024_0041_HD21_01_00004698.jpg,trolley2,785.0,794.0,785.0,795.0,10.0,0.21904291355758762,255.0,220.625,53.40625,0.045210258253159025,,,0.1590576171875,0.1590576171875,0.0009312629699707031,,0.0,0.0
110,110674,35,38.335718,Musashino_007_IchikawaOhno-FunabashiHoten_up_20240410_day,HD21,2024_0041_HD21_01_00004698.jpg,trolley2,785.0,794.0,785.0,795.0,10.0,0.21904291355758762,251.0,221.5,53.25,0.0442438414375416,,,0.1590576171875,0.1590576171875,0.0009312629699707031,,0.0,0.0
110,110675,35,38.33572,Musashino_007_IchikawaOhno-FunabashiHoten_up_20240410_day,HD21,2024_0041_HD21_01_00004698.jpg,trolley2,785.0,794.0,785.0,795.0,10.0,0.21904291355758762,250.0,224.375,49.5,0.04313383379651415,,,0.1590576171875,0.1590576171875,0.0009312629699707031,,0.0,0.0
110,110676,35,38.335722,Musashino_007_IchikawaOhno-FunabashiHoten_up_20240410_day,HD21,2024_0041_HD21_01_00004698.jpg,trolley2,786.0,794.0,785.0,795.0,10.0,0.21904291355758762,255.0,219.375,51.9375,0.04463664994086585,,,0.1590576171875,0.1590576171875,0.0009312629699707031,,0.0,0.0
110,110677,35,38.335724,Musashino_007_IchikawaOhno-FunabashiHoten_up_20240410_day,HD21,2024_0041_HD21_01_00004698.jpg,trolley2,786.0,794.0,785.0,795.0,10.0,0.21904291355758762,255.0,219.5,52.5625,0.04574209131430129,,,0.1590576171875,0.1590576171875,0.0009312629699707031,,0.0,0.0
110,110678,35,38.335726,Musashino_007_IchikawaOhno-FunabashiHoten_up_20240410_day,HD21,2024_0041_HD21_01_00004698.jpg,trolley2,785.0,794.0,785.0,795.0,10.0,0.21904291355758762,254.0,220.125,53.84375,0.04374889704135358,,,0.1590576171875,0.1590576171875,0.0009312629699707031,,0.0,0.0
110,110679,35,38.335728,Musashino_007_IchikawaOhno-FunabashiHoten_up_20240410_day,HD21,2024_0041_HD21_01_00004698.jpg,trolley2,785.0,794.0,785.0,795.0,10.0,0.21904291355758762,254.0,223.125,52.4375,0.04171945688280356,,,0.1590576171875,0.1590576171875,0.0009312629699707031,,0.0,0.0
110,110680,35,38.33573,Musashino_007_IchikawaOhno-FunabashiHoten_up_20240410_day,HD21,2024_0041_HD21_01_00004698.jpg,trolley2,785.0,794.0,785.0,795.0,10.0,0.21904291355758762,255.0,218.625,53.5625,0.0396685684986387,,,0.1590576171875,0.1590576171875,0.0009312629699707031,,0.0,0.0
110,110681,35,38.335732,Musashino_007_IchikawaOhno-FunabashiHoten_up_20240410_day,HD21,2024_0041_HD21_01_00004698.jpg,trolley2,786.0,794.0,785.0,795.0,10.0,0.21904291355758762,255.0,216.5,54.84375,0.04034534713534895,,,0.1590576171875,0.1590576171875,0.0009312629699707031,,0.0,0.0
110,110682,35,38.335734,Musashino_007_IchikawaOhno-FunabashiHoten_up_20240410_day,HD21,2024_0041_HD21_01_00004698.jpg,trolley2,786.0,794.0,785.0,795.0,10.0,0.21904291355758762,251.0,217.625,53.5625,0.040732410381182915,,,0.1590576171875,0.1590576171875,0.0009312629699707031,,0.0,0.0
110,110683,35,38.335736,Musashino_007_IchikawaOhno-FunabashiHoten_up_20240410_day,HD21,2024_0041_HD21_01_00004698.jpg,trolley2,786.0,794.0,785.0,795.0,10.0,0.21904291355758762,253.0,222.25,50.21875,0.04085716478371077,,,0.1590576171875,0.1590576171875,0.0009312629699707031,,0.0,0.0
110,110684,35,38.335738,Musashino_007_IchikawaOhno-FunabashiHoten_up_20240410_day,HD21,2024_0041_HD21_01_00004698.jpg,trolley2,785.0,794.0,785.0,795.0,10.0,0.21904291355758762,255.0,222.875,49.09375,0.03800995090842388,,,0.1590576171875,0.1590576171875,0.0009312629699707031,,0.0,0.0
110,110685,35,38.33574,Musashino_007_IchikawaOhno-FunabashiHoten_up_20240410_day,HD21,2024_0041_HD21_01_00004698.jpg,trolley2,786.0,794.0,785.0,795.0,10.0,0.21904291355758762,254.0,219.625,51.15625,0.03798063102301144,,,0.1590576171875,0.1590576171875,0.0009312629699707031,,0.0,0.0
110,110686,35,38.335742,Musashino_007_IchikawaOhno-FunabashiHoten_up_20240410_day,HD21,2024_0041_HD21_01_00004698.jpg,trolley2,786.0,794.0,785.0,795.0,10.0,0.21904291355758762,255.0,218.0,52.03125,0.0377464912199485,,,0.1590576171875,0.1590576171875,0.0009312629699707031,,0.0,0.0
110,110687,35,38.335744,Musashino_007_IchikawaOhno-FunabashiHoten_up_20240410_day,HD21,2024_0041_HD21_01_00004698.jpg,trolley2,786.0,794.0,785.0,795.0,10.0,0.21904291355758762,255.0,218.875,50.0625,0.037329685374901854,,,0.1590576171875,0.1590576171875,0.0009312629699707031,,0.0,0.0
110,110688,35,38.335746,Musashino_007_IchikawaOhno-FunabashiHoten_up_20240410_day,HD21,2024_0041_HD21_01_00004698.jpg,trolley2,786.0,794.0,785.0,795.0,10.0,0.21904291355758762,253.0,219.5,50.53125,0.036751109147164694,,,0.1590576171875,0.1590576171875,0.0009312629699707031,,0.0,0.0
110,110689,35,38.335748,Musashino_007_IchikawaOhno-FunabashiHoten_up_20240410_day,HD21,2024_0041_HD21_01_00004698.jpg,trolley2,786.0,794.0,785.0,795.0,10.0,0.21904291355758762,253.0,218.375,52.40625,0.03603041387318337,,,0.1590576171875,0.1590576171875,0.0009312629699707031,,0.0,0.0
110,110690,35,38.33575,Musashino_007_IchikawaOhno-FunabashiHoten_up_20240410_day,HD21,2024_0041_HD21_01_00004698.jpg,trolley2,786.0,794.0,785.0,795.0,10.0,0.21904291355758762,254.0,218.5,53.25,0.0351860258524334,,,0.1590576171875,0.1590576171875,0.0009312629699707031,,0.0,0.0
110,110691,35,38.335752,Musashino_007_IchikawaOhno-FunabashiHoten_up_20240410_day,HD21,2024_0041_HD21_01_00004698.jpg,trolley2,786.0,795.0,785.0,795.0,10.0,0.21904291355758762,255.0,219.875,52.3125,0.03697087860565981,,,0.1590576171875,0.1590576171875,0.0009312629699707031,,0.0,0.0
110,110692,35,38.335754,Musashino_007_IchikawaOhno-FunabashiHoten_up_20240410_day,HD21,2024_0041_HD21_01_00004698.jpg,trolley2,786.0,795.0,785.0,795.0,10.0,0.21904291355758762,255.0,220.375,51.375,0.03837155741345489,,,0.1590576171875,0.1590576171875,0.0009312629699707031,,0.0,0.0
110,110693,35,38.335755999999996,Musashino_007_IchikawaOhno-FunabashiHoten_up_20240410_day,HD21,2024_0041_HD21_01_00004698.jpg,trolley2,786.0,795.0,785.0,795.0,10.0,0.19694638556692914,255.0,219.75,51.625,0.039419548998016175,,,0.1590576171875,0.1590576171875,0.0009312629699707031,,0.0,0.0
110,110694,35,38.335758,Musashino_007_IchikawaOhno-FunabashiHoten_up_20240410_day,HD21,2024_0041_HD21_01_00004698.jpg,trolley2,786.0,795.0,785.0,795.0,10.0,0.19694638556692914,255.0,220.875,50.84375,0.040145061029627546,,,0.1590576171875,0.1590576171875,0.0009312629699707031,,0.0,0.0
110,110695,35,38.33576,Musashino_007_IchikawaOhno-FunabashiHoten_up_20240410_day,HD21,2024_0041_HD21_01_00004698.jpg,trolley2,786.0,795.0,785.0,795.0,10.0,0.19694638556692914,255.0,222.875,50.0,0.04057698719360605,,,0.1590576171875,0.1590576171875,0.0009312629699707031,,0.0,0.0
110,110696,35,38.335762,Musashino_007_IchikawaOhno-FunabashiHoten_up_20240410_day,HD21,2024_0041_HD21_01_00004698.jpg,trolley2,786.0,795.0,786.0,795.0,9.0,0.21904291355758762,254.0,234.125,39.5625,0.04074288300656781,,,0.1590576171875,0.1590576171875,0.0009312629699707031,,0.0,0.0
110,110697,35,38.335764,Musashino_007_IchikawaOhno-FunabashiHoten_up_20240410_day,HD21,2024_0041_HD21_01_00004698.jpg,trolley2,786.0,795.0,786.0,795.0,9.0,0.23868325657593972,255.0,234.25,39.65625,0.04066895141888903,,,0.1590576171875,0.1590576171875,0.0009312629699707031,,0.0,0.0
110,110698,35,38.335766,Musashino_007_IchikawaOhno-FunabashiHoten_up_20240410_day,HD21,2024_0041_HD21_01_00004698.jpg,trolley2,786.0,795.0,786.0,795.0,9.0,0.2564323999762408,255.0,235.125,38.8125,0.04038003728484657,,,0.1590576171875,0.1590576171875,0.0009312629699707031,,0.0,0.0
110,110699,35,38.335768,Musashino_007_IchikawaOhno-FunabashiHoten_up_20240410_day,HD21,2024_0041_HD21_01_00004698.jpg,trolley2,786.0,795.0,786.0,796.0,10.0,0.2564323999762408,255.0,224.875,50.75,0.03989962982700255,,,0.1590576171875,0.1590576171875,0.0009312629699707031,,0.0,0.0
110,110700,35,38.33577,Musashino_007_IchikawaOhno-FunabashiHoten_up_20240410_day,HD21,2024_0041_HD21_01_00004698.jpg,trolley2,786.0,795.0,786.0,796.0,10.0,0.2564323999762408,255.0,225.0,50.03125,0.039249872266676256,,,0.1590576171875,0.1590576171875,0.0009312629699707031,,0.0,0.0
110,110701,35,38.335772,Musashino_007_IchikawaOhno-FunabashiHoten_up_20240410_day,HD21,2024_0041_HD21_01_00004698.jpg,trolley2,786.0,795.0,786.0,796.0,10.0,0.2564323999762408,255.0,224.5,50.71875,0.038451577837526625,,,0.1590576171875,0.158935546875,0.0009312629699707031,,0.0,0.0
110,110702,35,38.335774,Musashino_007_IchikawaOhno-FunabashiHoten_up_20240410_day,HD21,2024_0041_HD21_01_00004698.jpg,trolley2,786.0,795.0,786.0,796.0,10.0,0.2564323999762408,254.0,224.625,50.0,0.03752425144413581,,,0.1590576171875,0.158935546875,0.0009312629699707031,,0.0,0.0
110,110703,35,38.335776,Musashino_007_IchikawaOhno-FunabashiHoten_up_20240410_day,HD21,2024_0041_HD21_01_00004698.jpg,trolley2,786.0,795.0,786.0,796.0,10.0,0.2564323999762408,254.0,225.375,48.375,0.03648611627182622,,,0.1590576171875,0.158935546875,0.0009312629699707031,,0.0,0.0
110,110704,35,38.335778,Musashino_007_IchikawaOhno-FunabashiHoten_up_20240410_day,HD21,2024_0041_HD21_01_00004698.jpg,trolley2,786.0,795.0,786.0,796.0,10.0,0.2564323999762408,255.0,225.5,49.46875,0.03535414469753757,,,0.1590576171875,0.158935546875,0.0009312629699707031,,0.0,0.0
110,110705,35,38.33578,Musashino_007_IchikawaOhno-FunabashiHoten_up_20240410_day,HD21,2024_0041_HD21_01_00004698.jpg,trolley2,786.0,795.0,786.0,796.0,10.0,0.2564323999762408,254.0,226.125,48.125,0.034144092894334545,,,0.1590576171875,0.158935546875,0.0009312629699707031,,0.0,0.0
110,110706,35,38.335782,Musashino_007_IchikawaOhno-FunabashiHoten_up_20240410_day,HD21,2024_0041_HD21_01_00004698.jpg,trolley2,786.0,795.0,786.0,796.0,10.0,0.2564323999762408,253.0,224.75,50.375,0.03287053856379194,,,0.1590576171875,0.158935546875,0.0009312629699707031,,0.0,0.0
110,110707,35,38.335784,Musashino_007_IchikawaOhno-FunabashiHoten_up_20240410_day,HD21,2024_0041_HD21_01_00004698.jpg,trolley2,786.0,796.0,786.0,796.0,10.0,0.2564323999762408,254.0,229.0,45.53125,0.03428262950612038,,,0.1590576171875,0.158935546875,0.0009312629699707031,,0.0,0.0
110,110708,35,38.335786,Musashino_007_IchikawaOhno-FunabashiHoten_up_20240410_day,HD21,2024_0041_HD21_01_00004698.jpg,trolley2,786.0,795.0,786.0,796.0,10.0,0.2564323999762408,255.0,226.5,48.875,0.03262753422922062,,,0.1590576171875,0.158935546875,0.0009312629699707031,,0.0,0.0
110,110709,35,38.335788,Musashino_007_IchikawaOhno-FunabashiHoten_up_20240410_day,HD21,2024_0041_HD21_01_00004698.jpg,trolley2,786.0,796.0,786.0,796.0,10.0,0.2564323999762408,255.0,228.625,46.46875,0.03369829589859316,,,0.1590576171875,0.158935546875,0.0009312629699707031,,0.0,0.0
110,110710,35,38.33579,Musashino_007_IchikawaOhno-FunabashiHoten_up_20240410_day,HD21,2024_0041_HD21_01_00004698.jpg,trolley2,786.0,795.0,786.0,796.0,10.0,0.2564323999762408,255.0,225.75,48.65625,0.031739852683348065,,,0.1590576171875,0.158935546875,0.0009312629699707031,,0.0,0.0
110,110711,35,38.335792,Musashino_007_IchikawaOhno-FunabashiHoten_up_20240410_day,HD21,2024_0041_HD21_01_00004698.jpg,trolley2,786.0,796.0,786.0,796.0,10.0,0.2564323999762408,255.0,227.125,47.3125,0.032543036887982005,,,0.1590576171875,0.158935546875,0.0009312629699707031,,0.0,0.0
110,110712,35,38.335794,Musashino_007_IchikawaOhno-FunabashiHoten_up_20240410_day,HD21,2024_0041_HD21_01_00004698.jpg,trolley2,787.0,795.0,786.0,796.0,10.0,0.2564323999762408,252.0,222.75,49.09375,0.033086313645051046,,,0.1590576171875,0.158935546875,0.0009312629699707031,,0.0,0.0
110,110713,35,38.335796,Musashino_007_IchikawaOhno-FunabashiHoten_up_20240410_day,HD21,2024_0041_HD21_01_00004698.jpg,trolley2,787.0,796.0,786.0,796.0,10.0,0.2564323999762408,255.0,224.5,47.78125,0.03612890535850726,,,0.1590576171875,0.158935546875,0.0009312629699707031,,0.0,0.0
110,110714,35,38.335798,Musashino_007_IchikawaOhno-FunabashiHoten_up_20240410_day,HD21,2024_0041_HD21_01_00004698.jpg,trolley2,787.0,796.0,786.0,796.0,10.0,0.2564323999762408,255.0,227.875,45.40625,0.03866375618255583,,,0.1590576171875,0.158935546875,0.0009312629699707031,,0.0,0.0
110,110715,35,38.3358,Musashino_007_IchikawaOhno-FunabashiHoten_up_20240410_day,HD21,2024_0041_HD21_01_00004698.jpg,trolley2,787.0,796.0,786.0,796.0,10.0,0.2564323999762408,255.0,229.125,45.15625,0.040728739778782205,,,0.1590576171875,0.158935546875,0.0009312629699707031,,0.0,0.0
110,110716,35,38.335802,Musashino_007_IchikawaOhno-FunabashiHoten_up_20240410_day,HD21,2024_0041_HD21_01_00004698.jpg,trolley2,787.0,796.0,786.0,796.0,10.0,0.2564323999762408,254.0,227.375,46.6875,0.04236044101689996,,,0.1590576171875,0.158935546875,0.0009312629699707031,,0.0,0.0
110,110717,35,38.335804,Musashino_007_IchikawaOhno-FunabashiHoten_up_20240410_day,HD21,2024_0041_HD21_01_00004698.jpg,trolley2,787.0,796.0,786.0,796.0,10.0,0.2564323999762408,255.0,226.875,47.53125,0.04359408714196274,,,0.1590576171875,0.158935546875,0.0009312629699707031,,0.0,0.0
110,110718,35,38.335806,Musashino_007_IchikawaOhno-FunabashiHoten_up_20240410_day,HD21,2024_0041_HD21_01_00004698.jpg,trolley2,787.0,796.0,786.0,796.0,10.0,0.2564323999762408,255.0,227.875,46.71875,0.04446349338432295,,,0.1590576171875,0.158935546875,0.0009312629699707031,,0.0,0.0
110,110719,35,38.335808,Musashino_007_IchikawaOhno-FunabashiHoten_up_20240410_day,HD21,2024_0041_HD21_01_00004698.jpg,trolley2,787.0,796.0,786.0,796.0,10.0,0.2564323999762408,255.0,228.625,45.96875,0.0450010218380957,,,0.1590576171875,0.158935546875,0.0009312629699707031,,0.0,0.0
110,110720,35,38.33581,Musashino_007_IchikawaOhno-FunabashiHoten_up_20240410_day,HD21,2024_0041_HD21_01_00004698.jpg,trolley2,787.0,796.0,787.0,796.0,9.0,0.272659924344289,255.0,237.625,32.21875,0.045237552480950335,,,0.1590576171875,0.158935546875,0.0009312629699707031,,0.0,0.0
110,110721,35,38.335812,Musashino_007_IchikawaOhno-FunabashiHoten_up_20240410_day,HD21,2024_0041_HD21_01_00004698.jpg,trolley2,787.0,796.0,787.0,796.0,9.0,0.2876234912646598,255.0,238.25,32.375,0.04520246525649427,,,0.1590576171875,0.158935546875,0.0009312629699707031,,0.0,0.0
110,110722,35,38.335814,Musashino_007_IchikawaOhno-FunabashiHoten_up_20240410_day,HD21,2024_0041_HD21_01_00004698.jpg,trolley2,787.0,796.0,787.0,796.0,9.0,0.3015113445777623,254.0,238.25,32.6875,0.044923632189918926,,,0.1590576171875,0.158935546875,0.0009312629699707031,,0.0,0.0
110,110723,35,38.335816,Musashino_007_IchikawaOhno-FunabashiHoten_up_20240410_day,HD21,2024_0041_HD21_01_00004698.jpg,trolley2,787.0,796.0,787.0,797.0,10.0,0.3015113445777623,254.0,226.875,47.25,0.044427418557573914,,,0.1590576171875,0.158935546875,0.0009312629699707031,,0.0,0.0
110,110724,35,38.335818,Musashino_007_IchikawaOhno-FunabashiHoten_up_20240410_day,HD21,2024_0041_HD21_01_00004698.jpg,trolley2,787.0,796.0,787.0,797.0,10.0,0.2876234912646598,255.0,227.125,47.0625,0.04373869218140259,,,0.1590576171875,0.158935546875,0.0009312629699707031,,0.0,0.0
110,110725,35,38.33582,Musashino_007_IchikawaOhno-FunabashiHoten_up_20240410_day,HD21,2024_0041_HD21_01_00004698.jpg,trolley2,787.0,796.0,787.0,797.0,10.0,0.2876234912646598,255.0,227.625,46.75,0.042880839969396255,,,0.1590576171875,0.158935546875,0.0009312629699707031,,0.0,0.0
110,110726,35,38.335822,Musashino_007_IchikawaOhno-FunabashiHoten_up_20240410_day,HD21,2024_0041_HD21_01_00004698.jpg,trolley2,787.0,796.0,787.0,797.0,10.0,0.2876234912646598,255.0,227.75,46.4375,0.04187579087314058,,,0.1590576171875,0.158935546875,0.0009312629699707031,,0.0,0.0
110,110727,35,38.335824,Musashino_007_IchikawaOhno-FunabashiHoten_up_20240410_day,HD21,2024_0041_HD21_01_00004698.jpg,trolley2,787.0,796.0,787.0,797.0,10.0,0.2876234912646598,255.0,227.75,46.1875,0.04074404448288822,,,0.1590576171875,0.158935546875,0.0009312629699707031,,0.0,0.0
110,110728,35,38.335826,Musashino_007_IchikawaOhno-FunabashiHoten_up_20240410_day,HD21,2024_0041_HD21_01_00004698.jpg,trolley2,787.0,796.0,787.0,797.0,10.0,0.2876234912646598,253.0,227.125,46.34375,0.03950470452919675,,,0.1590576171875,0.158935546875,0.0009312629699707031,,0.0,0.0
110,110729,35,38.335828,Musashino_007_IchikawaOhno-FunabashiHoten_up_20240410_day,HD21,2024_0041_HD21_01_00004698.jpg,trolley2,787.0,796.0,787.0,797.0,10.0,0.2876234912646598,255.0,228.875,44.0,0.038175516607806874,,,0.1590576171875,0.158935546875,0.0009312629699707031,,0.0,0.0
110,110730,35,38.33583,Musashino_007_IchikawaOhno-FunabashiHoten_up_20240410_day,HD21,2024_0041_HD21_01_00004698.jpg,trolley2,787.0,796.0,787.0,797.0,10.0,0.2876234912646598,255.0,229.125,43.9375,0.03677290949097607,,,0.1590576171875,0.158935546875,0.0009312629699707031,,0.0,0.0
110,110731,35,38.335831999999996,Musashino_007_IchikawaOhno-FunabashiHoten_up_20240410_day,HD21,2024_0041_HD21_01_00004698.jpg,trolley2,787.0,796.0,787.0,797.0,10.0,0.2876234912646598,255.0,228.375,45.4375,0.03531203943374068,,,0.1590576171875,0.158935546875,0.0009312629699707031,,0.0,0.0
110,110732,35,38.335834,Musashino_007_IchikawaOhno-FunabashiHoten_up_20240410_day,HD21,2024_0041_HD21_01_00004698.jpg,trolley2,787.0,797.0,787.0,797.0,10.0,0.2876234912646598,255.0,229.5,44.9375,0.03654254516255383,,,0.1590576171875,0.158935546875,0.0009312629699707031,,0.0,0.0
110,110733,35,38.335836,Musashino_007_IchikawaOhno-FunabashiHoten_up_20240410_day,HD21,2024_0041_HD21_01_00004698.jpg,trolley2,787.0,797.0,787.0,797.0,10.0,0.2876234912646598,255.0,231.875,42.40625,0.03744771296326227,,,0.1590576171875,0.158935546875,0.0009312629699707031,,0.0,0.0
110,110734,35,38.335838,Musashino_007_IchikawaOhno-FunabashiHoten_up_20240410_day,HD21,2024_0041_HD21_01_00004698.jpg,trolley2,787.0,797.0,787.0,797.0,10.0,0.2876234912646598,255.0,232.375,42.15625,0.038055744841099526,,,0.1590576171875,0.158935546875,0.0009312629699707031,,0.0,0.0
110,110735,35,38.33584,Musashino_007_IchikawaOhno-FunabashiHoten_up_20240410_day,HD21,2024_0041_HD21_01_00004698.jpg,trolley2,787.0,797.0,787.0,797.0,10.0,0.2876234912646598,255.0,231.0,43.71875,0.038393594544200216,,,0.1590576171875,0.158935546875,0.0009312629699707031,,0.0,0.0
110,110736,35,38.335842,Musashino_007_IchikawaOhno-FunabashiHoten_up_20240410_day,HD21,2024_0041_HD21_01_00004698.jpg,trolley2,787.0,797.0,787.0,797.0,10.0,0.2876234912646598,254.0,232.625,43.53125,0.03848694729587146,,,0.1590576171875,0.158935546875,0.0009312629699707031,,0.0,0.0
110,110737,35,38.335844,Musashino_007_IchikawaOhno-FunabashiHoten_up_20240410_day,HD21,2024_0041_HD21_01_00004698.jpg,trolley2,787.0,797.0,787.0,797.0,10.0,0.2876234912646598,255.0,233.375,43.375,0.038360208532935744,,,0.1590576171875,0.158935546875,0.0009312629699707031,,0.0,0.0
110,110738,35,38.335846,Musashino_007_IchikawaOhno-FunabashiHoten_up_20240410_day,HD21,2024_0041_HD21_01_00004698.jpg,trolley2,787.0,797.0,787.0,797.0,10.0,0.2876234912646598,255.0,234.5,42.84375,0.03803650079397163,,,0.1590576171875,0.158935546875,0.0009312629699707031,,0.0,0.0
110,110739,35,38.335848,Musashino_007_IchikawaOhno-FunabashiHoten_up_20240410_day,HD21,2024_0041_HD21_01_00004698.jpg,trolley2,787.0,797.0,787.0,797.0,10.0,0.2876234912646598,255.0,234.125,43.0,0.03753766794394032,,,0.1590576171875,0.158935546875,0.0009312629699707031,,0.0,0.0
110,110740,35,38.33585,Musashino_007_IchikawaOhno-FunabashiHoten_up_20240410_day,HD21,2024_0041_HD21_01_00004698.jpg,trolley2,787.0,797.0,787.0,797.0,10.0,0.2876234912646598,255.0,232.5,43.625,0.03688428596444313,,,0.1590576171875,0.158935546875,0.0009312629699707031,,0.0,0.0
110,110741,35,38.335852,Musashino_007_IchikawaOhno-FunabashiHoten_up_20240410_day,HD21,2024_0041_HD21_01_00004698.jpg,trolley2,787.0,797.0,787.0,797.0,10.0,0.2876234912646598,255.0,232.5,43.96875,0.036095679581483624,,,0.1590576171875,0.158935546875,0.0009312629699707031,,0.0,0.0
110,110742,35,38.335854,Musashino_007_IchikawaOhno-FunabashiHoten_up_20240410_day,HD21,2024_0041_HD21_01_00004698.jpg,trolley2,787.0,797.0,787.0,797.0,10.0,0.2876234912646598,255.0,233.0,43.875,0.03518994404486577,,,0.1590576171875,0.158935546875,0.0009312629699707031,,0.0,0.0
110,110743,35,38.335856,Musashino_007_IchikawaOhno-FunabashiHoten_up_20240410_day,HD21,2024_0041_HD21_01_00004698.jpg,trolley2,788.0,797.0,787.0,797.0,10.0,0.2876234912646598,253.0,231.75,44.3125,0.03691967965014085,,,0.1590576171875,0.158935546875,0.0009312629699707031,,0.0,0.0
110,110744,35,38.335858,Musashino_007_IchikawaOhno-FunabashiHoten_up_20240410_day,HD21,2024_0041_HD21_01_00004698.jpg,trolley2,788.0,797.0,787.0,797.0,10.0,0.2876234912646598,255.0,232.0,43.03125,0.03827113832209983,,,0.1590576171875,0.158935546875,0.0009312629699707031,,0.0,0.0
110,110745,35,38.33586,Musashino_007_IchikawaOhno-FunabashiHoten_up_20240410_day,HD21,2024_0041_HD21_01_00004698.jpg,trolley2,788.0,797.0,787.0,797.0,10.0,0.2876234912646598,255.0,231.0,44.8125,0.03927547513377117,,,0.1590576171875,0.158935546875,0.0009312629699707031,,0.0,0.0
110,110746,35,38.335862,Musashino_007_IchikawaOhno-FunabashiHoten_up_20240410_day,HD21,2024_0041_HD21_01_00004698.jpg,trolley2,788.0,797.0,787.0,797.0,10.0,0.2876234912646598,255.0,231.875,43.65625,0.03996256945357295,,,0.1590576171875,0.158935546875,0.0009312629699707031,,0.0,0.0
110,110747,35,38.335864,Musashino_007_IchikawaOhno-FunabashiHoten_up_20240410_day,HD21,2024_0041_HD21_01_00004698.jpg,trolley2,788.0,797.0,787.0,797.0,10.0,0.2876234912646598,255.0,232.0,42.3125,0.04036099146741842,,,0.1590576171875,0.158935546875,0.0009312629699707031,,0.0,0.0
110,110748,35,38.335866,Musashino_007_IchikawaOhno-FunabashiHoten_up_20240410_day,HD21,2024_0041_HD21_01_00004698.jpg,trolley2,788.0,797.0,788.0,797.0,9.0,0.3015113445777623,254.0,242.125,25.640625,0.040497979275572485,,,0.1590576171875,0.158935546875,0.0009312629699707031,,0.0,0.0
110,110749,35,38.335868,Musashino_007_IchikawaOhno-FunabashiHoten_up_20240410_day,HD21,2024_0041_HD21_01_00004698.jpg,trolley2,788.0,797.0,788.0,797.0,9.0,0.3015113445777623,255.0,241.25,26.84375,0.040399425611918026,,,0.1590576171875,0.158935546875,0.0009312629699707031,,0.0,0.0
110,110750,35,38.33587,Musashino_007_IchikawaOhno-FunabashiHoten_up_20240410_day,HD21,2024_0041_HD21_01_00004698.jpg,trolley2,788.0,797.0,788.0,798.0,10.0,0.3015113445777623,255.0,229.75,43.4375,0.04008987327769503,,,0.1590576171875,0.158935546875,0.0009312629699707031,,0.0,0.0
110,110751,35,38.335872,Musashino_007_IchikawaOhno-FunabashiHoten_up_20240410_day,HD21,2024_0041_HD21_01_00004698.jpg,trolley2,788.0,797.0,788.0,798.0,10.0,0.3015113445777623,255.0,230.375,42.6875,0.039592518426623195,,,0.1590576171875,0.158935546875,0.0009312629699707031,,0.0,0.0
110,110752,35,38.335874,Musashino_007_IchikawaOhno-FunabashiHoten_up_20240410_day,HD21,2024_0041_HD21_01_00004698.jpg,trolley2,788.0,797.0,788.0,798.0,10.0,0.3015113445777623,255.0,230.0,42.8125,0.0389292208833129,,,0.1590576171875,0.158935546875,0.0009312629699707031,,0.0,0.0
110,110753,35,38.335876,Musashino_007_IchikawaOhno-FunabashiHoten_up_20240410_day,HD21,2024_0041_HD21_01_00004698.jpg,trolley2,788.0,797.0,788.0,798.0,10.0,0.3015113445777623,255.0,231.0,41.875,0.03812052072176017,,,0.1590576171875,0.158935546875,0.0009312629699707031,,0.0,0.0
110,110754,35,38.335878,Musashino_007_IchikawaOhno-FunabashiHoten_up_20240410_day,HD21,2024_0041_HD21_01_00004698.jpg,trolley2,788.0,797.0,788.0,798.0,10.0,0.3015113445777623,255.0,229.0,43.75,0.0371856603752651,,,0.1590576171875,0.158935546875,0.0009312629699707031,,0.0,0.0
110,110755,35,38.33588,Musashino_007_IchikawaOhno-FunabashiHoten_up_20240410_day,HD21,2024_0041_HD21_01_00004698.jpg,trolley2,788.0,798.0,788.0,798.0,10.0,0.3015113445777623,253.0,231.875,40.875,0.038878319828170096,,,0.1590576171875,0.158935546875,0.0009312629699707031,,0.0,0.0
110,110756,35,38.335882,Musashino_007_IchikawaOhno-FunabashiHoten_up_20240410_day,HD21,2024_0041_HD21_01_00004698.jpg,trolley2,788.0,798.0,788.0,798.0,10.0,0.3015113445777623,253.0,229.875,44.0625,0.040185764170179446,,,0.1590576171875,0.158935546875,0.0009312629699707031,,0.0,0.0
110,110757,35,38.335884,Musashino_007_IchikawaOhno-FunabashiHoten_up_20240410_day,HD21,2024_0041_HD21_01_00004698.jpg,trolley2,788.0,798.0,788.0,798.0,10.0,0.3015113445777623,250.0,231.75,42.21875,0.04114009635122912,,,0.1590576171875,0.158935546875,0.0009312629699707031,,0.0,0.0
110,110758,35,38.335886,Musashino_007_IchikawaOhno-FunabashiHoten_up_20240410_day,HD21,2024_0041_HD21_01_00004698.jpg,trolley2,788.0,798.0,788.0,798.0,10.0,0.3015113445777623,252.0,229.25,45.15625,0.041772079795782895,,,0.1590576171875,0.158935546875,0.0009312629699707031,,0.0,0.0
110,110759,35,38.335888,Musashino_007_IchikawaOhno-FunabashiHoten_up_20240410_day,HD21,2024_0041_HD21_01_00004698.jpg,trolley2,788.0,798.0,788.0,798.0,10.0,0.3015113445777623,252.0,229.5,44.75,0.04211110659175902,,,0.1590576171875,0.158935546875,0.0009312629699707031,,0.0,0.0
110,110760,35,38.33589,Musashino_007_IchikawaOhno-FunabashiHoten_up_20240410_day,HD21,2024_0041_HD21_01_00004698.jpg,trolley2,788.0,798.0,788.0,798.0,10.0,0.3015113445777623,255.0,228.0,47.65625,0.042185176424416534,,,0.1590576171875,0.158935546875,0.0009312629699707031,,0.0,0.0
110,110761,35,38.335892,Musashino_007_IchikawaOhno-FunabashiHoten_up_20240410_day,HD21,2024_0041_HD21_01_00004698.jpg,trolley2,788.0,798.0,788.0,798.0,10.0,0.3015113445777623,255.0,228.625,46.9375,0.04202088527546123,,,0.1590576171875,0.158935546875,0.0009312629699707031,,0.0,0.0
110,110762,35,38.335894,Musashino_007_IchikawaOhno-FunabashiHoten_up_20240410_day,HD21,2024_0041_HD21_01_00004698.jpg,trolley2,788.0,798.0,788.0,798.0,10.0,0.3015113445777623,255.0,231.0,44.8125,0.041643422954051226,,,0.1590576171875,0.158935546875,0.0009312629699707031,,0.0,0.0
110,110763,35,38.335896,Musashino_007_IchikawaOhno-FunabashiHoten_up_20240410_day,HD21,2024_0041_HD21_01_00004698.jpg,trolley2,788.0,798.0,788.0,798.0,10.0,0.3015113445777623,255.0,233.125,43.0625,0.04107657857316819,,,0.1590576171875,0.158935546875,0.0009312629699707031,,0.0,0.0
110,110764,35,38.335898,Musashino_007_IchikawaOhno-FunabashiHoten_up_20240410_day,HD21,2024_0041_HD21_01_00004698.jpg,trolley2,788.0,798.0,788.0,798.0,10.0,0.3015113445777623,254.0,233.375,42.65625,0.040342753131695976,,,0.1590576171875,0.158935546875,0.0009312629699707031,,0.0,0.0
110,110765,35,38.3359,Musashino_007_IchikawaOhno-FunabashiHoten_up_20240410_day,HD21,2024_0041_HD21_01_00004698.jpg,trolley2,788.0,798.0,788.0,798.0,10.0,0.3015113445777623,253.0,233.5,42.75,0.03946297840923322,,,0.1590576171875,0.158935546875,0.0009312629699707031,,0.0,0.0
110,110766,35,38.335902,Musashino_007_IchikawaOhno-FunabashiHoten_up_20240410_day,HD21,2024_0041_HD21_01_00004698.jpg,trolley2,788.0,798.0,788.0,798.0,10.0,0.3015113445777623,252.0,233.75,42.5625,0.038456941426939964,,,0.1590576171875,0.158935546875,0.0009312629699707031,,0.0,0.0
110,110767,35,38.335904,Musashino_007_IchikawaOhno-FunabashiHoten_up_20240410_day,HD21,2024_0041_HD21_01_00004698.jpg,trolley2,788.0,798.0,788.0,798.0,10.0,0.3015113445777623,251.0,233.0,42.90625,0.03734301377336296,,,0.1590576171875,0.158935546875,0.0009312629699707031,,0.0,0.0
110,110768,35,38.335906,Musashino_007_IchikawaOhno-FunabashiHoten_up_20240410_day,HD21,2024_0041_HD21_01_00004698.jpg,trolley2,788.0,798.0,788.0,798.0,10.0,0.3015113445777623,254.0,233.375,41.75,0.03613828513900153,,,0.1590576171875,0.158935546875,0.0009312629699707031,,0.0,0.0
110,110769,35,38.335907999999996,Musashino_007_IchikawaOhno-FunabashiHoten_up_20240410_day,HD21,2024_0041_HD21_01_00004698.jpg,trolley2,789.0,798.0,788.0,798.0,10.0,0.2876234912646598,254.0,231.125,43.5,0.037594308682294665,,,0.1590576171875,0.158935546875,0.0009312629699707031,,0.0,0.0
110,110770,35,38.33591,Musashino_007_IchikawaOhno-FunabashiHoten_up_20240410_day,HD21,2024_0041_HD21_01_00004698.jpg,trolley2,789.0,798.0,788.0,798.0,10.0,0.272659924344289,254.0,232.375,41.78125,0.038696257579552334,,,0.1590576171875,0.158935546875,0.0009312629699707031,,0.0,0.0
110,110771,35,38.335912,Musashino_007_IchikawaOhno-FunabashiHoten_up_20240410_day,HD21,2024_0041_HD21_01_00004698.jpg,trolley2,789.0,798.0,788.0,798.0,10.0,0.272659924344289,254.0,227.875,47.03125,0.0394741856676873,,,0.1590576171875,0.158935546875,0.0009312629699707031,,0.0,0.0
110,110772,35,38.335914,Musashino_007_IchikawaOhno-FunabashiHoten_up_20240410_day,HD21,2024_0041_HD21_01_00004698.jpg,trolley2,789.0,798.0,788.0,798.0,10.0,0.272659924344289,254.0,227.5,46.75,0.03995685690835919,,,0.1590576171875,0.158935546875,0.0009312629699707031,,0.0,0.0
110,110773,35,38.335916,Musashino_007_IchikawaOhno-FunabashiHoten_up_20240410_day,HD21,2024_0041_HD21_01_00004698.jpg,trolley2,789.0,798.0,788.0,798.0,10.0,0.272659924344289,254.0,230.25,44.90625,0.040171719457039214,,,0.1590576171875,0.158935546875,0.0009312629699707031,,0.0,0.0
110,110774,35,38.335918,Musashino_007_IchikawaOhno-FunabashiHoten_up_20240410_day,HD21,2024_0041_HD21_01_00004698.jpg,trolley2,789.0,798.0,789.0,799.0,10.0,0.272659924344289,255.0,231.625,41.8125,0.04014488957396826,,,0.1590576171875,0.158935546875,0.0009312629699707031,,0.0,0.0
110,110775,35,38.33592,Musashino_007_IchikawaOhno-FunabashiHoten_up_20240410_day,HD21,2024_0041_HD21_01_00004698.jpg,trolley2,789.0,798.0,789.0,799.0,10.0,0.272659924344289,255.0,231.5,41.25,0.03990114446207165,,,0.1590576171875,0.158935546875,0.0009312629699707031,,0.0,0.0
110,110776,35,38.335922,Musashino_007_IchikawaOhno-FunabashiHoten_up_20240410_day,HD21,2024_0041_HD21_01_00004698.jpg,trolley2,789.0,798.0,789.0,799.0,10.0,0.272659924344289,255.0,230.25,41.0625,0.03946392316128929,,,0.1590576171875,0.158935546875,0.0009312629699707031,,0.0,0.0
110,110777,35,38.335924,Musashino_007_IchikawaOhno-FunabashiHoten_up_20240410_day,HD21,2024_0041_HD21_01_00004698.jpg,trolley2,789.0,799.0,789.0,799.0,10.0,0.272659924344289,255.0,234.125,36.84375,0.04159104290847824,,,0.1590576171875,0.158935546875,0.0009312629699707031,,0.0,0.0
110,110778,35,38.335926,Musashino_007_IchikawaOhno-FunabashiHoten_up_20240410_day,HD21,2024_0041_HD21_01_00004698.jpg,trolley2,789.0,799.0,789.0,799.0,10.0,0.272659924344289,254.0,234.25,37.9375,0.04327383010376476,,,0.1590576171875,0.158935546875,0.0009312629699707031,,0.0,0.0
110,110779,35,38.335928,Musashino_007_IchikawaOhno-FunabashiHoten_up_20240410_day,HD21,2024_0041_HD21_01_00004698.jpg,trolley2,789.0,799.0,789.0,799.0,10.0,0.272659924344289,254.0,231.625,40.65625,0.044548358583404696,,,0.1590576171875,0.158935546875,0.0009312629699707031,,0.0,0.0
110,110780,35,38.33593,Musashino_007_IchikawaOhno-FunabashiHoten_up_20240410_day,HD21,2024_0041_HD21_01_00004698.jpg,trolley2,789.0,799.0,789.0,799.0,10.0,0.272659924344289,255.0,231.875,40.5,0.045449259722650244,,,0.1590576171875,0.158935546875,0.0009312629699707031,,0.0,0.0
110,110781,35,38.335932,Musashino_007_IchikawaOhno-FunabashiHoten_up_20240410_day,HD21,2024_0041_HD21_01_00004698.jpg,trolley2,789.0,799.0,789.0,799.0,10.0,0.272659924344289,255.0,231.5,40.78125,0.046009679951467077,,,0.1590576171875,0.158935546875,0.0009312629699707031,,0.0,0.0
110,110782,35,38.335934,Musashino_007_IchikawaOhno-FunabashiHoten_up_20240410_day,HD21,2024_0041_HD21_01_00004698.jpg,trolley2,789.0,799.0,789.0,799.0,10.0,0.272659924344289,253.0,232.0,40.84375,0.046261250724496834,,,0.1590576171875,0.158935546875,0.0009312629699707031,,0.0,0.0
110,110783,35,38.335936,Musashino_007_IchikawaOhno-FunabashiHoten_up_20240410_day,HD21,2024_0041_HD21_01_00004698.jpg,trolley2,789.0,799.0,789.0,799.0,10.0,0.272659924344289,249.0,234.125,39.375,0.046234069840382974,,,0.1590576171875,0.158935546875,0.0009312629699707031,,0.0,0.0
110,110784,35,38.335938,Musashino_007_IchikawaOhno-FunabashiHoten_up_20240410_day,HD21,2024_0041_HD21_01_00004698.jpg,trolley2,789.0,799.0,789.0,799.0,10.0,0.272659924344289,255.0,230.875,43.0,0.04595669305607769,,,0.1590576171875,0.158935546875,0.0009312629699707031,,0.0,0.0
110,110785,35,38.33594,Musashino_007_IchikawaOhno-FunabashiHoten_up_20240410_day,HD21,2024_0041_HD21_01_00004698.jpg,trolley2,789.0,799.0,789.0,799.0,10.0,0.272659924344289,255.0,231.875,42.90625,0.045456134992872425,,,0.1590576171875,0.158935546875,0.0009312629699707031,,0.0,0.0
110,110786,35,38.335942,Musashino_007_IchikawaOhno-FunabashiHoten_up_20240410_day,HD21,2024_0041_HD21_01_00004698.jpg,trolley2,789.0,799.0,789.0,799.0,10.0,0.272659924344289,255.0,232.125,43.0625,0.04475787838229007,,,0.1590576171875,0.158935546875,0.0009312629699707031,,0.0,0.0
110,110787,35,38.335944,Musashino_007_IchikawaOhno-FunabashiHoten_up_20240410_day,HD21,2024_0041_HD21_01_00004698.jpg,trolley2,789.0,799.0,789.0,799.0,10.0,0.272659924344289,255.0,232.5,43.09375,0.04388589075135288,,,0.1590576171875,0.158935546875,0.0009312629699707031,,0.0,0.0
110,110788,35,38.335946,Musashino_007_IchikawaOhno-FunabashiHoten_up_20240410_day,HD21,2024_0041_HD21_01_00004698.jpg,trolley2,789.0,799.0,789.0,799.0,10.0,0.272659924344289,255.0,233.625,42.5625,0.042862647697804526,,,0.1590576171875,0.158935546875,0.0009312629699707031,,0.0,0.0
110,110789,35,38.335948,Musashino_007_IchikawaOhno-FunabashiHoten_up_20240410_day,HD21,2024_0041_HD21_01_00004698.jpg,trolley2,789.0,799.0,789.0,799.0,10.0,0.272659924344289,254.0,233.875,42.375,0.04170916195636337,,,0.1590576171875,0.158935546875,0.0009312629699707031,,0.0,0.0
110,110790,35,38.33595,Musashino_007_IchikawaOhno-FunabashiHoten_up_20240410_day,HD21,2024_0041_HD21_01_00004698.jpg,trolley2,789.0,799.0,789.0,799.0,10.0,0.272659924344289,252.0,231.875,43.875,0.04044501750682431,,,0.1590576171875,0.158935546875,0.0009312629699707031,,0.0,0.0
110,110791,35,38.335952,Musashino_007_IchikawaOhno-FunabashiHoten_up_20240410_day,HD21,2024_0041_HD21_01_00004698.jpg,trolley2,789.0,799.0,789.0,799.0,10.0,0.272659924344289,251.0,229.5,45.9375,0.039088408023584154,,,0.1590576171875,0.158935546875,0.0009312629699707031,,0.0,0.0
110,110792,35,38.335954,Musashino_007_IchikawaOhno-FunabashiHoten_up_20240410_day,HD21,2024_0041_HD21_01_00004698.jpg,trolley2,789.0,799.0,789.0,799.0,10.0,0.272659924344289,255.0,232.5,42.8125,0.037656179013789835,,,0.1590576171875,0.158935546875,0.0009312629699707031,,0.0,0.0
110,110793,35,38.335956,Musashino_007_IchikawaOhno-FunabashiHoten_up_20240410_day,HD21,2024_0041_HD21_01_00004698.jpg,trolley2,789.0,799.0,789.0,799.0,10.0,0.272659924344289,255.0,231.875,42.875,0.03616387303765329,,,0.1590576171875,0.158935546875,0.0009312629699707031,,0.0,0.0
110,110794,35,38.335958,Musashino_007_IchikawaOhno-FunabashiHoten_up_20240410_day,HD21,2024_0041_HD21_01_00004698.jpg,trolley2,790.0,799.0,789.0,799.0,10.0,0.272659924344289,255.0,231.375,42.625,0.03736148568448518,,,0.1590576171875,0.158935546875,0.0009312629699707031,,0.0,0.0
110,110795,35,38.33596,Musashino_007_IchikawaOhno-FunabashiHoten_up_20240410_day,HD21,2024_0041_HD21_01_00004698.jpg,trolley2,790.0,799.0,789.0,799.0,10.0,0.272659924344289,255.0,229.875,44.0,0.038232631708537045,,,0.1590576171875,0.158935546875,0.0009312629699707031,,0.0,0.0
110,110796,35,38.335962,Musashino_007_IchikawaOhno-FunabashiHoten_up_20240410_day,HD21,2024_0041_HD21_01_00004698.jpg,trolley2,790.0,799.0,789.0,799.0,10.0,0.2564323999762408,255.0,228.125,46.125,0.038805814285430514,,,0.1590576171875,0.158935546875,0.0009312629699707031,,0.0,0.0
110,110797,35,38.335964,Musashino_007_IchikawaOhno-FunabashiHoten_up_20240410_day,HD21,2024_0041_HD21_01_00004698.jpg,trolley2,790.0,799.0,789.0,799.0,10.0,0.23868325657593972,255.0,228.125,46.5625,0.03910826216972952,,,0.1590576171875,0.158935546875,0.0009312629699707031,,0.0,0.0
110,110798,35,38.335966,Musashino_007_IchikawaOhno-FunabashiHoten_up_20240410_day,HD21,2024_0041_HD21_01_00004698.jpg,trolley2,790.0,799.0,789.0,800.0,11.0,0.24287836253955958,255.0,217.375,56.5,0.03916591058885558,,,0.1590576171875,0.158935546875,0.0009312629699707031,,0.0,0.0
110,110799,35,38.335968,Musashino_007_IchikawaOhno-FunabashiHoten_up_20240410_day,HD21,2024_0041_HD21_01_00004698.jpg,trolley2,790.0,799.0,789.0,800.0,11.0,0.2641930729560835,254.0,216.25,56.5,0.03900339116149065,,,0.1590576171875,0.158935546875,0.0009312629699707031,,0.0,0.0
110,110800,35,38.33597,Musashino_007_IchikawaOhno-FunabashiHoten_up_20240410_day,HD21,2024_0041_HD21_01_00004698.jpg,trolley2,790.0,799.0,790.0,800.0,10.0,0.2641930729560835,255.0,227.875,46.96875,0.038644029975964264,,,0.1590576171875,0.158935546875,0.0009312629699707031,,0.0,0.0
110,110801,35,38.335972,Musashino_007_IchikawaOhno-FunabashiHoten_up_20240410_day,HD21,2024_0041_HD21_01_00004698.jpg,trolley2,790.0,799.0,790.0,800.0,10.0,0.2641930729560835,255.0,227.125,47.46875,0.0381098530075669,,,0.1590576171875,0.158935546875,0.0009312629699707031,,0.0,0.0
110,110802,35,38.335974,Musashino_007_IchikawaOhno-FunabashiHoten_up_20240410_day,HD21,2024_0041_HD21_01_00004698.jpg,trolley2,790.0,799.0,790.0,800.0,10.0,0.2641930729560835,255.0,227.125,48.15625,0.037421598097256786,,,0.1590576171875,0.158935546875,0.0009312629699707031,,0.0,0.0
110,110803,35,38.335976,Musashino_007_IchikawaOhno-FunabashiHoten_up_20240410_day,HD21,2024_0041_HD21_01_00004698.jpg,trolley2,790.0,799.0,790.0,800.0,10.0,0.2641930729560835,255.0,226.875,48.625,0.0365987327575586,,,0.1590576171875,0.158935546875,0.0009312629699707031,,0.0,0.0
110,110804,35,38.335978,Musashino_007_IchikawaOhno-FunabashiHoten_up_20240410_day,HD21,2024_0041_HD21_01_00004698.jpg,trolley2,790.0,799.0,790.0,800.0,10.0,0.2641930729560835,255.0,226.875,48.5,0.035659477114393684,,,0.1590576171875,0.158935546875,0.0009312629699707031,,0.0,0.0
110,110805,35,38.33598,Musashino_007_IchikawaOhno-FunabashiHoten_up_20240410_day,HD21,2024_0041_HD21_01_00004698.jpg,trolley2,790.0,799.0,790.0,800.0,10.0,0.2641930729560835,255.0,226.375,48.65625,0.03462083133592416,,,0.1590576171875,0.158935546875,0.0009312629699707031,,0.0,0.0
110,110806,35,38.335982,Musashino_007_IchikawaOhno-FunabashiHoten_up_20240410_day,HD21,2024_0041_HD21_01_00004698.jpg,trolley2,790.0,799.0,790.0,800.0,10.0,0.2641930729560835,255.0,225.375,50.03125,0.0334986069410758,,,0.1590576171875,0.158935546875,0.0009312629699707031,,0.0,0.0
110,110807,35,38.335983999999996,Musashino_007_IchikawaOhno-FunabashiHoten_up_20240410_day,HD21,2024_0041_HD21_01_00004698.jpg,trolley2,790.0,799.0,790.0,800.0,10.0,0.2641930729560835,255.0,224.5,51.625,0.03230746142106302,,,0.1590576171875,0.158935546875,0.0009312629699707031,,0.0,0.0
110,110808,35,38.335986,Musashino_007_IchikawaOhno-FunabashiHoten_up_20240410_day,HD21,2024_0041_HD21_01_00004698.jpg,trolley2,791.0,799.0,790.0,800.0,10.0,0.2641930729560835,255.0,222.875,51.9375,0.033796643881934624,,,0.1590576171875,0.158935546875,0.0009312629699707031,,0.0,0.0
110,110809,35,38.335988,Musashino_007_IchikawaOhno-FunabashiHoten_up_20240410_day,HD21,2024_0041_HD21_01_00004698.jpg,trolley2,790.0,799.0,790.0,800.0,10.0,0.2641930729560835,255.0,223.375,51.46875,0.032213442906667764,,,0.1590576171875,0.158935546875,0.0009312629699707031,,0.0,0.0
110,110810,35,38.33599,Musashino_007_IchikawaOhno-FunabashiHoten_up_20240410_day,HD21,2024_0041_HD21_01_00004698.jpg,trolley2,790.0,799.0,790.0,800.0,10.0,0.2641930729560835,255.0,226.0,49.8125,0.030615329700294285,,,0.1590576171875,0.158935546875,0.0009312629699707031,,0.0,0.0
110,110811,35,38.335992,Musashino_007_IchikawaOhno-FunabashiHoten_up_20240410_day,HD21,2024_0041_HD21_01_00004698.jpg,trolley2,790.0,800.0,790.0,800.0,10.0,0.2641930729560835,255.0,227.625,47.90625,0.031748276117256766,,,0.1590576171875,0.158935546875,0.0009312629699707031,,0.0,0.0
110,110812,35,38.335994,Musashino_007_IchikawaOhno-FunabashiHoten_up_20240410_day,HD21,2024_0041_HD21_01_00004698.jpg,trolley2,791.0,800.0,790.0,800.0,10.0,0.2641930729560835,254.0,226.0,48.0,0.035327766363447616,,,0.1590576171875,0.158935546875,0.0009312629699707031,,0.0,0.0
110,110813,35,38.335996,Musashino_007_IchikawaOhno-FunabashiHoten_up_20240410_day,HD21,2024_0041_HD21_01_00004698.jpg,trolley2,791.0,800.0,790.0,800.0,10.0,0.2641930729560835,254.0,222.5,49.40625,0.038349184800489856,,,0.1590576171875,0.158935546875,0.0009312629699707031,,0.0,0.0
110,110814,35,38.335998,Musashino_007_IchikawaOhno-FunabashiHoten_up_20240410_day,HD21,2024_0041_HD21_01_00004698.jpg,trolley2,791.0,800.0,790.0,800.0,10.0,0.2641930729560835,254.0,222.875,49.21875,0.040852872002020126,,,0.1590576171875,0.158935546875,0.0009312629699707031,,0.0,0.0
110,110815,35,38.336,Musashino_007_IchikawaOhno-FunabashiHoten_up_20240410_day,HD21,2024_0041_HD21_01_00004698.jpg,trolley2,791.0,800.0,790.0,800.0,10.0,0.2641930729560835,255.0,225.75,48.0,0.04287789023551516,,,0.1590576171875,0.158935546875,0.0009312629699707031,,0.0,0.0
110,110816,35,38.336002,Musashino_007_IchikawaOhno-FunabashiHoten_up_20240410_day,HD21,2024_0041_HD21_01_00004698.jpg,trolley2,791.0,800.0,790.0,800.0,10.0,0.2641930729560835,255.0,226.125,46.4375,0.04446194000605068,,,0.1590576171875,0.158935546875,0.0009312629699707031,,0.0,0.0
110,110817,35,38.336004,Musashino_007_IchikawaOhno-FunabashiHoten_up_20240410_day,HD21,2024_0041_HD21_01_00004698.jpg,trolley2,791.0,800.0,790.0,800.0,10.0,0.2641930729560835,253.0,226.375,46.375,0.04564129255569619,,,0.1590576171875,0.158935546875,0.0009312629699707031,,0.0,0.0
110,110818,35,38.336006,Musashino_007_IchikawaOhno-FunabashiHoten_up_20240410_day,HD21,2024_0041_HD21_01_00004698.jpg,trolley2,791.0,800.0,790.0,800.0,10.0,0.2641930729560835,254.0,224.75,48.40625,0.046450737061853056,,,0.1590576171875,0.158935546875,0.0009312629699707031,,0.0,0.0
110,110819,35,38.336008,Musashino_007_IchikawaOhno-FunabashiHoten_up_20240410_day,HD21,2024_0041_HD21_01_00004698.jpg,trolley2,791.0,800.0,790.0,800.0,10.0,0.2641930729560835,255.0,222.25,50.34375,0.04692354132550463,,,0.1590576171875,0.158935546875,0.0009312629699707031,,0.0,0.0
110,110820,35,38.33601,Musashino_007_IchikawaOhno-FunabashiHoten_up_20240410_day,HD21,2024_0041_HD21_01_00004698.jpg,trolley2,791.0,800.0,790.0,801.0,11.0,0.26571800956288055,255.0,212.125,59.125,0.047091424789731925,,,0.1590576171875,0.158935546875,0.0009312629699707031,,0.0,0.0
110,110821,35,38.336012,Musashino_007_IchikawaOhno-FunabashiHoten_up_20240410_day,HD21,2024_0041_HD21_01_00004698.jpg,trolley2,791.0,800.0,790.0,801.0,11.0,0.2657180095628801,255.0,214.125,58.75,0.046984542779572154,,,0.1590576171875,0.158935546875,0.0009312629699707031,,0.0,0.0
110,110822,35,38.336014,Musashino_007_IchikawaOhno-FunabashiHoten_up_20240410_day,HD21,2024_0041_HD21_01_00004698.jpg,trolley2,791.0,800.0,791.0,801.0,10.0,0.24536099975753756,254.0,222.625,53.09375,0.046631480905903036,,,0.1590576171875,0.158935546875,0.0009312629699707031,,0.0,0.0
110,110823,35,38.336016,Musashino_007_IchikawaOhno-FunabashiHoten_up_20240410_day,HD21,2024_0041_HD21_01_00004698.jpg,trolley2,791.0,800.0,791.0,801.0,10.0,0.24536099975753756,255.0,221.5,53.8125,0.04605925862817527,,,0.1590576171875,0.158935546875,0.0009312629699707031,,0.0,0.0
110,110824,35,38.336018,Musashino_007_IchikawaOhno-FunabashiHoten_up_20240410_day,HD21,2024_0041_HD21_01_00004698.jpg,trolley2,791.0,800.0,791.0,801.0,10.0,0.24536099975753756,255.0,222.875,53.28125,0.04529334102314408,,,0.1590576171875,0.158935546875,0.0009312629699707031,,0.0,0.0
110,110825,35,38.33602,Musashino_007_IchikawaOhno-FunabashiHoten_up_20240410_day,HD21,2024_0041_HD21_01_00004698.jpg,trolley2,791.0,800.0,791.0,801.0,10.0,0.24536099975753756,255.0,222.75,53.59375,0.044357657858943154,,,0.1590576171875,0.158935546875,0.0009312629699707031,,0.0,0.0
110,110826,35,38.336022,Musashino_007_IchikawaOhno-FunabashiHoten_up_20240410_day,HD21,2024_0041_HD21_01_00004698.jpg,trolley2,791.0,800.0,791.0,801.0,10.0,0.24536099975753756,255.0,222.25,54.3125,0.04327462912567146,,,0.1590576171875,0.158935546875,0.0009312629699707031,,0.0,0.0
110,110827,35,38.336024,Musashino_007_IchikawaOhno-FunabashiHoten_up_20240410_day,HD21,2024_0041_HD21_01_00004698.jpg,trolley2,791.0,800.0,791.0,801.0,10.0,0.24536099975753756,255.0,222.875,53.625,0.04206519622483349,,,0.1590576171875,0.158935546875,0.0009312629699707031,,0.0,0.0
110,110828,35,38.336026,Musashino_007_IchikawaOhno-FunabashiHoten_up_20240410_day,HD21,2024_0041_HD21_01_00004698.jpg,trolley2,791.0,800.0,791.0,801.0,10.0,0.24536099975753756,255.0,222.25,53.84375,0.040748858070296094,,,0.1590576171875,0.158935546875,0.0009312629699707031,,0.0,0.0
110,110829,35,38.336028,Musashino_007_IchikawaOhno-FunabashiHoten_up_20240410_day,HD21,2024_0041_HD21_01_00004698.jpg,trolley2,791.0,800.0,791.0,801.0,10.0,0.24536099975753756,255.0,220.75,55.5,0.03934371140271797,,,0.1590576171875,0.158935546875,0.0009312629699707031,,0.0,0.0
110,110830,35,38.33603,Musashino_007_IchikawaOhno-FunabashiHoten_up_20240410_day,HD21,2024_0041_HD21_01_00004698.jpg,trolley2,791.0,800.0,791.0,801.0,10.0,0.24536099975753756,255.0,219.5,55.84375,0.03786649466748977,,,0.1590576171875,0.158935546875,0.0009312629699707031,,0.0,0.0
110,110831,35,38.336032,Musashino_007_IchikawaOhno-FunabashiHoten_up_20240410_day,HD21,2024_0041_HD21_01_00004698.jpg,trolley2,791.0,800.0,791.0,801.0,10.0,0.24536099975753756,254.0,218.875,55.96875,0.036332634852954473,,,0.1590576171875,0.158935546875,0.0009312629699707031,,0.0,0.0
110,110832,35,38.336034,Musashino_007_IchikawaOhno-FunabashiHoten_up_20240410_day,HD21,2024_0041_HD21_01_00004698.jpg,trolley2,791.0,800.0,791.0,801.0,10.0,0.24536099975753756,255.0,219.75,54.375,0.03475629673096623,,,0.1590576171875,0.158935546875,0.0009312629699707031,,0.0,0.0
110,110833,35,38.336036,Musashino_007_IchikawaOhno-FunabashiHoten_up_20240410_day,HD21,2024_0041_HD21_01_00004698.jpg,trolley2,792.0,800.0,791.0,801.0,10.0,0.24536099975753756,255.0,216.875,53.625,0.035886142220617596,,,0.1590576171875,0.158935546875,0.0009312629699707031,,0.0,0.0
110,110834,35,38.336038,Musashino_007_IchikawaOhno-FunabashiHoten_up_20240410_day,HD21,2024_0041_HD21_01_00004698.jpg,trolley2,792.0,800.0,791.0,801.0,10.0,0.24536099975753756,251.0,217.375,53.125,0.036704499325150707,,,0.1590576171875,0.158935546875,0.0009312629699707031,,0.0,0.0
110,110835,35,38.33604,Musashino_007_IchikawaOhno-FunabashiHoten_up_20240410_day,HD21,2024_0041_HD21_01_00004698.jpg,trolley2,792.0,800.0,791.0,801.0,10.0,0.24536099975753756,251.0,219.25,52.125,0.037238633647293455,,,0.1590576171875,0.158935546875,0.0009312629699707031,,0.0,0.0
110,110836,35,38.336042,Musashino_007_IchikawaOhno-FunabashiHoten_up_20240410_day,HD21,2024_0041_HD21_01_00004698.jpg,trolley2,792.0,800.0,791.0,801.0,10.0,0.24536099975753756,255.0,218.875,51.875,0.03751458730646256,,,0.1590576171875,0.158935546875,0.0009312629699707031,,0.0,0.0
110,110837,35,38.336044,Musashino_007_IchikawaOhno-FunabashiHoten_up_20240410_day,HD21,2024_0041_HD21_01_00004698.jpg,trolley2,792.0,800.0,791.0,801.0,10.0,0.24536099975753756,255.0,218.375,52.0625,0.03755716113428711,,,0.1590576171875,0.158935546875,0.0009312629699707031,,0.0,0.0
110,110838,35,38.336046,Musashino_007_IchikawaOhno-FunabashiHoten_up_20240410_day,HD21,2024_0041_HD21_01_00004698.jpg,trolley2,792.0,800.0,791.0,801.0,10.0,0.24536099975753756,253.0,218.0,52.9375,0.03738990547615191,,,0.1590576171875,0.158935546875,0.0009312629699707031,,0.0,0.0
110,110839,35,38.336048,Musashino_007_IchikawaOhno-FunabashiHoten_up_20240410_day,HD21,2024_0041_HD21_01_00004698.jpg,trolley2,792.0,800.0,791.0,801.0,10.0,0.24536099975753756,255.0,216.125,53.96875,0.037035118772070996,,,0.1590576171875,0.158935546875,0.0009312629699707031,,0.0,0.0
110,110840,35,38.33605,Musashino_007_IchikawaOhno-FunabashiHoten_up_20240410_day,HD21,2024_0041_HD21_01_00004698.jpg,trolley2,792.0,800.0,791.0,801.0,10.0,0.24536099975753756,252.0,218.0,51.6875,0.03651385313187515,,,0.1590576171875,0.158935546875,0.0009312629699707031,,0.0,0.0
110,110841,35,38.336052,Musashino_007_IchikawaOhno-FunabashiHoten_up_20240410_day,HD21,2024_0041_HD21_01_00004698.jpg,trolley2,792.0,800.0,791.0,801.0,10.0,0.24536099975753756,253.0,217.125,52.90625,0.035845926161437225,,,0.1590576171875,0.158935546875,0.0009312629699707031,,0.0,0.0
110,110842,35,38.336054,Musashino_007_IchikawaOhno-FunabashiHoten_up_20240410_day,HD21,2024_0041_HD21_01_00004698.jpg,trolley2,792.0,800.0,791.0,801.0,10.0,0.24536099975753756,253.0,218.875,51.53125,0.035049938338191804,,,0.1590576171875,0.158935546875,0.0009312629699707031,,0.0,0.0
110,110843,35,38.336056,Musashino_007_IchikawaOhno-FunabashiHoten_up_20240410_day,HD21,2024_0041_HD21_01_00004698.jpg,trolley2,792.0,800.0,791.0,801.0,10.0,0.24536099975753756,254.0,216.875,53.5,0.034143295275368246,,,0.1590576171875,0.158935546875,0.0009312629699707031,,0.0,0.0
110,110844,35,38.336058,Musashino_007_IchikawaOhno-FunabashiHoten_up_20240410_day,HD21,2024_0041_HD21_01_00004698.jpg,trolley2,792.0,800.0,791.0,801.0,10.0,0.24536099975753756,254.0,214.625,56.0,0.03314223425491721,,,0.1590576171875,0.158935546875,0.0009312629699707031,,0.0,0.0
110,110845,35,38.33606,Musashino_007_IchikawaOhno-FunabashiHoten_up_20240410_day,HD21,2024_0041_HD21_01_00004698.jpg,trolley2,792.0,800.0,791.0,801.0,10.0,0.24536099975753756,254.0,216.0,55.3125,0.03206185444894746,,,0.1590576171875,0.158935546875,0.0009312629699707031,,0.0,0.0
110,110846,35,38.336062,Musashino_007_IchikawaOhno-FunabashiHoten_up_20240410_day,HD21,2024_0041_HD21_01_00004698.jpg,trolley2,792.0,801.0,791.0,801.0,10.0,0.24536099975753756,254.0,219.125,53.5,0.03365185852349238,,,0.1590576171875,0.158935546875,0.0009312629699707031,,0.0,0.0
110,110847,35,38.336064,Musashino_007_IchikawaOhno-FunabashiHoten_up_20240410_day,HD21,2024_0041_HD21_01_00004698.jpg,trolley2,792.0,801.0,791.0,801.0,10.0,0.24536099975753756,253.0,217.375,54.03125,0.03489570504347756,,,0.1590576171875,0.158935546875,0.0009312629699707031,,0.0,0.0
110,110848,35,38.336066,Musashino_007_IchikawaOhno-FunabashiHoten_up_20240410_day,HD21,2024_0041_HD21_01_00004698.jpg,trolley2,792.0,800.0,791.0,801.0,10.0,0.2227015033536092,255.0,215.875,56.34375,0.033086156414371785,,,0.1590576171875,0.158935546875,0.0009312629699707031,,0.0,0.0
110,110849,35,38.336068,Musashino_007_IchikawaOhno-FunabashiHoten_up_20240410_day,HD21,2024_0041_HD21_01_00004698.jpg,trolley2,792.0,801.0,791.0,801.0,10.0,0.19694638556692698,253.0,217.5,55.3125,0.03401569545916681,,,0.1590576171875,0.158935546875,0.0009312629699707031,,0.0,0.0
110,110850,35,38.33607,Musashino_007_IchikawaOhno-FunabashiHoten_up_20240410_day,HD21,2024_0041_HD21_01_00004698.jpg,trolley2,792.0,801.0,791.0,801.0,10.0,0.19694638556692698,255.0,218.875,55.375,0.034664392952122286,,,0.1590576171875,0.158935546875,0.0009312629699707031,,0.0,0.0
110,110851,35,38.336072,Musashino_007_IchikawaOhno-FunabashiHoten_up_20240410_day,HD21,2024_0041_HD21_01_00004698.jpg,trolley2,792.0,801.0,791.0,801.0,10.0,0.19694638556692698,254.0,214.0,56.375,0.035057319615209026,,,0.1590576171875,0.158935546875,0.0009312629699707031,,0.0,0.0
110,110852,35,38.336073999999996,Musashino_007_IchikawaOhno-FunabashiHoten_up_20240410_day,HD21,2024_0041_HD21_01_00004698.jpg,trolley2,792.0,801.0,791.0,801.0,10.0,0.19694638556692698,255.0,217.125,55.125,0.035218390690632324,,,0.1590576171875,0.158935546875,0.0009312629699707031,,0.0,0.0
110,110853,35,38.336076,Musashino_007_IchikawaOhno-FunabashiHoten_up_20240410_day,HD21,2024_0041_HD21_01_00004698.jpg,trolley2,792.0,801.0,792.0,802.0,10.0,0.19694638556692698,254.0,217.875,54.25,0.03517035284327716,,,0.1590576171875,0.158935546875,0.0009312629699707031,,0.0,0.0
110,110854,35,38.336078,Musashino_007_IchikawaOhno-FunabashiHoten_up_20240410_day,HD21,2024_0041_HD21_01_00004698.jpg,trolley2,792.0,801.0,792.0,802.0,10.0,0.19694638556692698,255.0,219.5,54.0,0.034934778791672255,,,0.1590576171875,0.158935546875,0.0009312629699707031,,0.0,0.0
110,110855,35,38.33608,Musashino_007_IchikawaOhno-FunabashiHoten_up_20240410_day,HD21,2024_0041_HD21_01_00004698.jpg,trolley2,792.0,801.0,792.0,802.0,10.0,0.19694638556692698,255.0,215.5,54.875,0.03453206890925135,,,0.1590576171875,0.158935546875,0.0009312629699707031,,0.0,0.0
110,110856,35,38.336082,Musashino_007_IchikawaOhno-FunabashiHoten_up_20240410_day,HD21,2024_0041_HD21_01_00004698.jpg,trolley2,793.0,801.0,792.0,802.0,10.0,0.19694638556692698,255.0,214.125,54.0625,0.03671716731188803,,,0.1590576171875,0.158935546875,0.0009312629699707031,,0.0,0.0
110,110857,35,38.336084,Musashino_007_IchikawaOhno-FunabashiHoten_up_20240410_day,HD21,2024_0041_HD21_01_00004698.jpg,trolley2,792.0,801.0,792.0,802.0,10.0,0.19694638556692698,254.0,216.625,53.5625,0.03574298343880134,,,0.1590576171875,0.158935546875,0.0009312629699707031,,0.0,0.0
110,110858,35,38.336086,Musashino_007_IchikawaOhno-FunabashiHoten_up_20240410_day,HD21,2024_0041_HD21_01_00004698.jpg,trolley2,792.0,801.0,792.0,802.0,10.0,0.19694638556692698,250.0,220.875,51.9375,0.034672512000483525,,,0.1590576171875,0.158935546875,0.0009312629699707031,,0.0,0.0
110,110859,35,38.336088,Musashino_007_IchikawaOhno-FunabashiHoten_up_20240410_day,HD21,2024_0041_HD21_01_00004698.jpg,trolley2,792.0,801.0,792.0,802.0,10.0,0.19694638556692698,252.0,222.0,51.21875,0.033521422470420004,,,0.1590576171875,0.158935546875,0.0009312629699707031,,0.0,0.0
110,110860,35,38.33609,Musashino_007_IchikawaOhno-FunabashiHoten_up_20240410_day,HD21,2024_0041_HD21_01_00004698.jpg,trolley2,793.0,801.0,792.0,802.0,10.0,0.19694638556692698,255.0,219.875,51.9375,0.0350399368067619,,,0.1590576171875,0.158935546875,0.0009312629699707031,,0.0,0.0
110,110861,35,38.336092,Musashino_007_IchikawaOhno-FunabashiHoten_up_20240410_day,HD21,2024_0041_HD21_01_00004698.jpg,trolley2,793.0,801.0,792.0,802.0,10.0,0.19694638556692698,255.0,221.125,50.9375,0.036211984214286334,,,0.1590576171875,0.158935546875,0.0009312629699707031,,0.0,0.0
110,110862,35,38.336094,Musashino_007_IchikawaOhno-FunabashiHoten_up_20240410_day,HD21,2024_0041_HD21_01_00004698.jpg,trolley2,792.0,801.0,792.0,802.0,10.0,0.19694638556692698,255.0,223.625,49.15625,0.034330751469037114,,,0.1590576171875,0.158935546875,0.0009312629699707031,,0.0,0.0
110,110863,35,38.336096,Musashino_007_IchikawaOhno-FunabashiHoten_up_20240410_day,HD21,2024_0041_HD21_01_00004698.jpg,trolley2,792.0,801.0,792.0,802.0,10.0,0.19694638556692698,251.0,222.875,49.59375,0.03245339365354273,,,0.1590576171875,0.158935546875,0.0009312629699707031,,0.0,0.0
110,110864,35,38.336098,Musashino_007_IchikawaOhno-FunabashiHoten_up_20240410_day,HD21,2024_0041_HD21_01_00004698.jpg,trolley2,793.0,801.0,792.0,802.0,10.0,0.19694638556692698,255.0,224.125,47.34375,0.03332549592278929,,,0.1590576171875,0.158935546875,0.0009312629699707031,,0.0,0.0
110,110865,35,38.3361,Musashino_007_IchikawaOhno-FunabashiHoten_up_20240410_day,HD21,2024_0041_HD21_01_00004698.jpg,trolley2,793.0,801.0,792.0,802.0,10.0,0.19694638556692698,253.0,223.625,46.90625,0.033926386279349345,,,0.1590576171875,0.158935546875,0.0009312629699707031,,0.0,0.0
110,110866,35,38.336102,Musashino_007_IchikawaOhno-FunabashiHoten_up_20240410_day,HD21,2024_0041_HD21_01_00004698.jpg,trolley2,793.0,801.0,792.0,802.0,10.0,0.19694638556692698,254.0,224.875,46.28125,0.0342804156801571,,,0.1590576171875,0.158935546875,0.0009312629699707031,,0.0,0.0
110,110867,35,38.336104,Musashino_007_IchikawaOhno-FunabashiHoten_up_20240410_day,HD21,2024_0041_HD21_01_00004698.jpg,trolley2,793.0,802.0,792.0,802.0,10.0,0.19694638556692698,254.0,224.5,46.625,0.03714651243767017,,,0.1590576171875,0.158935546875,0.0009312629699707031,,0.0,0.0
110,110868,35,38.336106,Musashino_007_IchikawaOhno-FunabashiHoten_up_20240410_day,HD21,2024_0041_HD21_01_00004698.jpg,trolley2,793.0,802.0,792.0,802.0,10.0,0.19694638556692698,252.0,222.875,47.0625,0.039517286811198475,,,0.1590576171875,0.158935546875,0.0009312629699707031,,0.0,0.0
110,110869,35,38.336108,Musashino_007_IchikawaOhno-FunabashiHoten_up_20240410_day,HD21,2024_0041_HD21_01_00004698.jpg,trolley2,793.0,802.0,792.0,802.0,10.0,0.19694638556692698,254.0,223.625,47.09375,0.04143024464719588,,,0.1590576171875,0.158935546875,0.0009312629699707031,,0.0,0.0
110,110870,35,38.33611,Musashino_007_IchikawaOhno-FunabashiHoten_up_20240410_day,HD21,2024_0041_HD21_01_00004698.jpg,trolley2,793.0,802.0,792.0,802.0,10.0,0.19694638556692698,255.0,225.375,46.25,0.04292157454922315,,,0.1590576171875,0.158935546875,0.0009312629699707031,,0.0,0.0
110,110871,35,38.336112,Musashino_007_IchikawaOhno-FunabashiHoten_up_20240410_day,HD21,2024_0041_HD21_01_00004698.jpg,trolley2,793.0,802.0,792.0,802.0,10.0,0.19694638556692698,255.0,225.125,46.3125,0.044026084112686104,,,0.1590576171875,0.158935546875,0.0009312629699707031,,0.0,0.0
110,110872,35,38.336114,Musashino_007_IchikawaOhno-FunabashiHoten_up_20240410_day,HD21,2024_0041_HD21_01_00004698.jpg,trolley2,793.0,802.0,792.0,802.0,10.0,0.19694638556692698,254.0,225.75,45.59375,0.04477715021383909,,,0.1590576171875,0.158935546875,0.0009312629699707031,,0.0,0.0
110,110873,35,38.336116,Musashino_007_IchikawaOhno-FunabashiHoten_up_20240410_day,HD21,2024_0041_HD21_01_00004698.jpg,trolley2,793.0,802.0,792.0,802.0,10.0,0.19694638556692698,254.0,224.5,47.59375,0.04520668219279923,,,0.1590576171875,0.158935546875,0.0009312629699707031,,0.0,0.0
110,110874,35,38.336118,Musashino_007_IchikawaOhno-FunabashiHoten_up_20240410_day,HD21,2024_0041_HD21_01_00004698.jpg,trolley2,793.0,802.0,792.0,802.0,10.0,0.19694638556692698,255.0,225.875,46.28125,0.04534509681800968,,,0.1590576171875,0.158935546875,0.0009312629699707031,,0.0,0.0
110,110875,35,38.33612,Musashino_007_IchikawaOhno-FunabashiHoten_up_20240410_day,HD21,2024_0041_HD21_01_00004698.jpg,trolley2,793.0,802.0,793.0,803.0,10.0,0.19694638556692698,255.0,224.5,50.375,0.04522130396850708,,,0.1590576171875,0.158935546875,0.0009312629699707031,,0.0,0.0
110,110876,35,38.336122,Musashino_007_IchikawaOhno-FunabashiHoten_up_20240410_day,HD21,2024_0041_HD21_01_00004698.jpg,trolley2,793.0,802.0,793.0,803.0,10.0,0.19694638556692698,254.0,223.75,51.09375,0.044862702020100446,,,0.1590576171875,0.158935546875,0.0009312629699707031,,0.0,0.0
110,110877,35,38.336124,Musashino_007_IchikawaOhno-FunabashiHoten_up_20240410_day,HD21,2024_0041_HD21_01_00004698.jpg,trolley2,793.0,802.0,793.0,803.0,10.0,0.19694638556692698,252.0,226.5,48.59375,0.044295181971800705,,,0.1590576171875,0.158935546875,0.0009312629699707031,,0.0,0.0
110,110878,35,38.336126,Musashino_007_IchikawaOhno-FunabashiHoten_up_20240410_day,HD21,2024_0041_HD21_01_00004698.jpg,trolley2,793.0,802.0,793.0,803.0,10.0,0.19694638556692698,253.0,225.0,48.90625,0.043543139399217425,,,0.1590576171875,0.158935546875,0.0009312629699707031,,0.0,0.0
110,110879,35,38.336128,Musashino_007_IchikawaOhno-FunabashiHoten_up_20240410_day,HD21,2024_0041_HD21_01_00004698.jpg,trolley2,793.0,802.0,793.0,803.0,10.0,0.19694638556692698,252.0,226.625,47.71875,0.042629493371895345,,,0.1590576171875,0.158935546875,0.0009312629699707031,,0.0,0.0
110,110880,35,38.33613,Musashino_007_IchikawaOhno-FunabashiHoten_up_20240410_day,HD21,2024_0041_HD21_01_00004698.jpg,trolley2,793.0,802.0,793.0,803.0,10.0,0.19694638556692698,255.0,226.875,47.4375,0.04157571152139819,,,0.1590576171875,0.158935546875,0.0009312629699707031,,0.0,0.0
110,110881,35,38.336132,Musashino_007_IchikawaOhno-FunabashiHoten_up_20240410_day,HD21,2024_0041_HD21_01_00004698.jpg,trolley2,793.0,802.0,793.0,803.0,10.0,0.19694638556692698,255.0,226.875,48.0,0.04040184049617765,,,0.1590576171875,0.158935546875,0.0009312629699707031,,0.0,0.0
110,110882,35,38.336134,Musashino_007_IchikawaOhno-FunabashiHoten_up_20240410_day,HD21,2024_0041_HD21_01_00004698.jpg,trolley2,793.0,802.0,793.0,803.0,10.0,0.19694638556692698,255.0,227.5,46.96875,0.03912654108763498,,,0.1590576171875,0.158935546875,0.0009312629699707031,,0.0,0.0
110,110883,35,38.336136,Musashino_007_IchikawaOhno-FunabashiHoten_up_20240410_day,HD21,2024_0041_HD21_01_00004698.jpg,trolley2,793.0,802.0,793.0,803.0,10.0,0.19694638556692698,255.0,228.875,45.0,0.037767127359154815,,,0.1590576171875,0.158935546875,0.0009312629699707031,,0.0,0.0
110,110884,35,38.336138,Musashino_007_IchikawaOhno-FunabashiHoten_up_20240410_day,HD21,2024_0041_HD21_01_00004698.jpg,trolley2,793.0,802.0,793.0,803.0,10.0,0.19694638556692698,254.0,229.125,44.25,0.03633960915608521,,,0.1590576171875,0.158935546875,0.0009312629699707031,,0.0,0.0
110,110885,35,38.33614,Musashino_007_IchikawaOhno-FunabashiHoten_up_20240410_day,HD21,2024_0041_HD21_01_00004698.jpg,trolley2,793.0,802.0,793.0,803.0,10.0,0.19694638556692698,254.0,228.375,45.125,0.034858737419529044,,,0.1590576171875,0.158935546875,0.0009312629699707031,,0.0,0.0
110,110886,35,38.336142,Musashino_007_IchikawaOhno-FunabashiHoten_up_20240410_day,HD21,2024_0041_HD21_01_00004698.jpg,trolley2,793.0,802.0,793.0,803.0,10.0,0.19694638556692698,253.0,228.125,45.59375,0.03333805177028425,,,0.1590576171875,0.158935546875,0.0009312629699707031,,0.0,0.0
110,110887,35,38.336144,Musashino_007_IchikawaOhno-FunabashiHoten_up_20240410_day,HD21,2024_0041_HD21_01_00004698.jpg,trolley2,793.0,803.0,793.0,803.0,10.0,0.19694638556692698,253.0,228.625,45.5625,0.034525638106300584,,,0.1590576171875,0.158935546875,0.0009312629699707031,,0.0,0.0
110,110888,35,38.336146,Musashino_007_IchikawaOhno-FunabashiHoten_up_20240410_day,HD21,2024_0041_HD21_01_00004698.jpg,trolley2,793.0,803.0,793.0,803.0,10.0,0.19694638556692698,255.0,229.125,44.59375,0.03540329568451046,,,0.1590576171875,0.158935546875,0.0009312629699707031,,0.0,0.0
110,110889,35,38.336148,Musashino_007_IchikawaOhno-FunabashiHoten_up_20240410_day,HD21,2024_0041_HD21_01_00004698.jpg,trolley2,793.0,803.0,793.0,803.0,10.0,0.19694638556692698,255.0,229.125,45.1875,0.035997806711468475,,,0.1590576171875,0.158935546875,0.0009312629699707031,,0.0,0.0
110,110890,35,38.336149999999996,Musashino_007_IchikawaOhno-FunabashiHoten_up_20240410_day,HD21,2024_0041_HD21_01_00004698.jpg,trolley2,793.0,803.0,793.0,803.0,10.0,0.19694638556692698,254.0,228.875,45.8125,0.0363347732838726,,,0.1590576171875,0.158935546875,0.0009312629699707031,,0.0,0.0
110,110891,35,38.336152,Musashino_007_IchikawaOhno-FunabashiHoten_up_20240410_day,HD21,2024_0041_HD21_01_00004698.jpg,trolley2,793.0,803.0,793.0,803.0,10.0,0.19694638556692698,252.0,228.375,46.15625,0.03643859757153123,,,0.1590576171875,0.158935546875,0.0009312629699707031,,0.0,0.0
110,110892,35,38.336154,Musashino_007_IchikawaOhno-FunabashiHoten_up_20240410_day,HD21,2024_0041_HD21_01_00004698.jpg,trolley2,793.0,803.0,793.0,803.0,10.0,0.19694638556692698,252.0,228.75,46.4375,0.03633247058514295,,,0.1590576171875,0.158935546875,0.0009312629699707031,,0.0,0.0
110,110893,35,38.336156,Musashino_007_IchikawaOhno-FunabashiHoten_up_20240410_day,HD21,2024_0041_HD21_01_00004698.jpg,trolley2,793.0,803.0,793.0,803.0,10.0,0.19694638556692698,253.0,228.0,46.65625,0.03603836871548709,,,0.1590576171875,0.158935546875,0.0009312629699707031,,0.0,0.0
110,110894,35,38.336158,Musashino_007_IchikawaOhno-FunabashiHoten_up_20240410_day,HD21,2024_0041_HD21_01_00004698.jpg,trolley2,794.0,803.0,793.0,803.0,10.0,0.19694638556692698,255.0,226.75,46.59375,0.03831276550605648,,,0.1590576171875,0.158935546875,0.0009312629699707031,,0.0,0.0
110,110895,35,38.33616,Musashino_007_IchikawaOhno-FunabashiHoten_up_20240410_day,HD21,2024_0041_HD21_01_00004698.jpg,trolley2,794.0,803.0,793.0,803.0,10.0,0.19694638556692698,255.0,225.375,46.71875,0.040145757848761746,,,0.1590576171875,0.158935546875,0.0009312629699707031,,0.0,0.0
110,110896,35,38.336162,Musashino_007_IchikawaOhno-FunabashiHoten_up_20240410_day,HD21,2024_0041_HD21_01_00004698.jpg,trolley2,793.0,803.0,793.0,803.0,10.0,0.19694638556692698,254.0,228.875,46.5625,0.03883659111248915,,,0.1590576171875,0.158935546875,0.0009312629699707031,,0.0,0.0
110,110897,35,38.336164,Musashino_007_IchikawaOhno-FunabashiHoten_up_20240410_day,HD21,2024_0041_HD21_01_00004698.jpg,trolley2,793.0,803.0,793.0,803.0,10.0,0.19694638556692698,254.0,230.5,44.40625,0.037448347846822,,,0.1590576171875,0.158935546875,0.0009312629699707031,,0.0,0.0
110,110898,35,38.336166,Musashino_007_IchikawaOhno-FunabashiHoten_up_20240410_day,HD21,2024_0041_HD21_01_00004698.jpg,trolley2,794.0,803.0,793.0,803.0,10.0,0.17144660799775946,254.0,228.875,45.59375,0.03873239047914673,,,0.1590576171875,0.158935546875,0.0009312629699707031,,0.0,0.0
110,110899,35,38.336168,Musashino_007_IchikawaOhno-FunabashiHoten_up_20240410_day,HD21,2024_0041_HD21_01_00004698.jpg,trolley2,794.0,803.0,793.0,803.0,10.0,0.14070529413628305,252.0,225.625,48.5,0.03967365778596339,,,0.158935546875,0.158935546875,0.0009312629699707031,,0.0,0.0
110,110900,35,38.33617,Musashino_007_IchikawaOhno-FunabashiHoten_up_20240410_day,HD21,2024_0041_HD21_01_00004698.jpg,trolley2,794.0,803.0,793.0,803.0,10.0,0.14070529413628305,252.0,226.25,46.4375,0.040301931268314946,,,0.158935546875,0.158935546875,0.0009312629699707031,,0.0,0.0
110,110901,35,38.336172,Musashino_007_IchikawaOhno-FunabashiHoten_up_20240410_day,HD21,2024_0041_HD21_01_00004698.jpg,trolley2,794.0,803.0,793.0,803.0,10.0,0.14070529413628305,255.0,228.25,44.65625,0.04064566997198519,,,0.158935546875,0.158935546875,0.0009312629699707031,,0.0,0.0
110,110902,35,38.336174,Musashino_007_IchikawaOhno-FunabashiHoten_up_20240410_day,HD21,2024_0041_HD21_01_00004698.jpg,trolley2,794.0,803.0,793.0,803.0,10.0,0.14070529413628305,255.0,227.125,47.5625,0.04073198954504861,,,0.158935546875,0.158935546875,0.0009312629699707031,,0.0,0.0
110,110903,35,38.336176,Musashino_007_IchikawaOhno-FunabashiHoten_up_20240410_day,HD21,2024_0041_HD21_01_00004698.jpg,trolley2,794.0,803.0,794.0,804.0,10.0,0.14070529413628305,254.0,224.5,50.28125,0.04058665077991394,,,0.158935546875,0.158935546875,0.0009312629699707031,,0.0,0.0
110,110904,35,38.336178,Musashino_007_IchikawaOhno-FunabashiHoten_up_20240410_day,HD21,2024_0041_HD21_01_00004698.jpg,trolley2,794.0,803.0,794.0,804.0,10.0,0.14070529413628305,254.0,226.125,49.46875,0.040234056736005386,,,0.158935546875,0.158935546875,0.0009312629699707031,,0.0,0.0
110,110905,35,38.33618,Musashino_007_IchikawaOhno-FunabashiHoten_up_20240410_day,HD21,2024_0041_HD21_01_00004698.jpg,trolley2,794.0,803.0,794.0,804.0,10.0,0.14070529413628305,254.0,225.75,49.09375,0.0396972575843875,,,0.158935546875,0.158935546875,0.0009312629699707031,,0.0,0.0
110,110906,35,38.336182,Musashino_007_IchikawaOhno-FunabashiHoten_up_20240410_day,HD21,2024_0041_HD21_01_00004698.jpg,trolley2,794.0,803.0,794.0,804.0,10.0,0.14070529413628305,253.0,227.5,47.375,0.038997962360900376,,,0.158935546875,0.158935546875,0.0009312629699707031,,0.0,0.0
110,110907,35,38.336184,Musashino_007_IchikawaOhno-FunabashiHoten_up_20240410_day,HD21,2024_0041_HD21_01_00004698.jpg,trolley2,794.0,803.0,794.0,804.0,10.0,0.14070529413628305,255.0,228.0,46.125,0.03815655685946475,,,0.158935546875,0.158935546875,0.0009312629699707031,,0.0,0.0
110,110908,35,38.336186,Musashino_007_IchikawaOhno-FunabashiHoten_up_20240410_day,HD21,2024_0041_HD21_01_00004698.jpg,trolley2,794.0,803.0,794.0,804.0,10.0,0.14070529413628305,254.0,229.75,44.40625,0.03719212694192275,,,0.158935546875,0.158935546875,0.0009312629699707031,,0.0,0.0
110,110909,35,38.336188,Musashino_007_IchikawaOhno-FunabashiHoten_up_20240410_day,HD21,2024_0041_HD21_01_00004698.jpg,trolley2,794.0,803.0,794.0,804.0,10.0,0.14070529413628305,255.0,228.5,44.65625,0.03612248658488763,,,0.158935546875,0.158935546875,0.0009312629699707031,,0.0,0.0
110,110910,35,38.33619,Musashino_007_IchikawaOhno-FunabashiHoten_up_20240410_day,HD21,2024_0041_HD21_01_00004698.jpg,trolley2,794.0,803.0,794.0,804.0,10.0,0.14070529413628305,254.0,229.125,44.09375,0.034964210027407974,,,0.158935546875,0.158935546875,0.0009312629699707031,,0.0,0.0
110,110911,35,38.336192,Musashino_007_IchikawaOhno-FunabashiHoten_up_20240410_day,HD21,2024_0041_HD21_01_00004698.jpg,trolley2,794.0,803.0,794.0,804.0,10.0,0.14070529413628305,255.0,228.875,44.25,0.033732667425646165,,,0.158935546875,0.158935546875,0.0009312629699707031,,0.0,0.0
110,110912,35,38.336194,Musashino_007_IchikawaOhno-FunabashiHoten_up_20240410_day,HD21,2024_0041_HD21_01_00004698.jpg,trolley2,794.0,803.0,794.0,804.0,10.0,0.14070529413628305,255.0,228.625,45.40625,0.03244206346209697,,,0.158935546875,0.158935546875,0.0009312629699707031,,0.0,0.0
110,110913,35,38.336196,Musashino_007_IchikawaOhno-FunabashiHoten_up_20240410_day,HD21,2024_0041_HD21_01_00004698.jpg,trolley2,794.0,803.0,794.0,804.0,10.0,0.14070529413628305,254.0,228.875,44.0,0.03110547839700773,,,0.158935546875,0.158935546875,0.0009312629699707031,,0.0,0.0
110,110914,35,38.336198,Musashino_007_IchikawaOhno-FunabashiHoten_up_20240410_day,HD21,2024_0041_HD21_01_00004698.jpg,trolley2,794.0,804.0,794.0,804.0,10.0,0.14070529413628305,254.0,231.375,41.375,0.032470619323576325,,,0.158935546875,0.158935546875,0.0009312629699707031,,0.0,0.0
110,110915,35,38.3362,Musashino_007_IchikawaOhno-FunabashiHoten_up_20240410_day,HD21,2024_0041_HD21_01_00004698.jpg,trolley2,794.0,804.0,794.0,804.0,10.0,0.14070529413628305,255.0,231.125,41.59375,0.03351898111309562,,,0.158935546875,0.158935546875,0.0009312629699707031,,0.0,0.0
110,110916,35,38.336202,Musashino_007_IchikawaOhno-FunabashiHoten_up_20240410_day,HD21,2024_0041_HD21_01_00004698.jpg,trolley2,794.0,804.0,794.0,804.0,10.0,0.14070529413628305,255.0,231.0,41.78125,0.03427711008710704,,,0.158935546875,0.158935546875,0.0009312629699707031,,0.0,0.0
110,110917,35,38.336204,Musashino_007_IchikawaOhno-FunabashiHoten_up_20240410_day,HD21,2024_0041_HD21_01_00004698.jpg,trolley2,794.0,804.0,794.0,804.0,10.0,0.14070529413628305,254.0,231.375,41.78125,0.034770435267780564,,,0.158935546875,0.158935546875,0.0009312629699707031,,0.0,0.0
110,110918,35,38.336206,Musashino_007_IchikawaOhno-FunabashiHoten_up_20240410_day,HD21,2024_0041_HD21_01_00004698.jpg,trolley2,794.0,804.0,794.0,804.0,10.0,0.14070529413628305,254.0,229.875,42.6875,0.035023243106951193,,,0.158935546875,0.158935546875,0.0009312629699707031,,0.0,0.0
110,110919,35,38.336208,Musashino_007_IchikawaOhno-FunabashiHoten_up_20240410_day,HD21,2024_0041_HD21_01_00004698.jpg,trolley2,794.0,804.0,794.0,804.0,10.0,0.14070529413628305,254.0,230.25,42.96875,0.03505866104194445,,,0.158935546875,0.158935546875,0.0009312629699707031,,0.0,0.0
110,110920,35,38.33621,Musashino_007_IchikawaOhno-FunabashiHoten_up_20240410_day,HD21,2024_0041_HD21_01_00004698.jpg,trolley2,794.0,804.0,794.0,804.0,10.0,0.09999999999999136,255.0,230.625,44.5,0.03489864906864907,,,0.158935546875,0.158935546875,0.0009312629699707031,,0.0,0.0
110,110921,35,38.336212,Musashino_007_IchikawaOhno-FunabashiHoten_up_20240410_day,HD21,2024_0041_HD21_01_00004698.jpg,trolley2,794.0,804.0,794.0,804.0,10.0,0.0,254.0,233.5,41.84375,0.034563998560919275,,,0.158935546875,0.158935546875,0.0009312629699707031,,0.0,0.0
110,110922,35,38.336214,Musashino_007_IchikawaOhno-FunabashiHoten_up_20240410_day,HD21,2024_0041_HD21_01_00004698.jpg,trolley2,794.0,804.0,794.0,804.0,10.0,0.0,252.0,232.5,43.28125,0.034074337604306594,,,0.158935546875,0.158935546875,0.0009312629699707031,,0.0,0.0
110,110923,35,38.336216,Musashino_007_IchikawaOhno-FunabashiHoten_up_20240410_day,HD21,2024_0041_HD21_01_00004698.jpg,trolley2,794.0,804.0,794.0,804.0,10.0,0.0,254.0,232.375,43.25,0.033448142151077095,,,0.158935546875,0.158935546875,0.0009312629699707031,,0.0,0.0
110,110924,35,38.336218,Musashino_007_IchikawaOhno-FunabashiHoten_up_20240410_day,HD21,2024_0041_HD21_01_00004698.jpg,trolley2,795.0,804.0,794.0,804.0,10.0,0.0,255.0,230.875,45.4375,0.03543846057730983,,,0.158935546875,0.158935546875,0.0009312629699707031,,0.0,0.0
110,110925,35,38.33622,Musashino_007_IchikawaOhno-FunabashiHoten_up_20240410_day,HD21,2024_0041_HD21_01_00004698.jpg,trolley2,794.0,804.0,794.0,804.0,10.0,0.0,255.0,230.625,44.4375,0.03429634271332091,,,0.158935546875,0.158935546875,0.0009312629699707031,,0.0,0.0
110,110926,35,38.336222,Musashino_007_IchikawaOhno-FunabashiHoten_up_20240410_day,HD21,2024_0041_HD21_01_00004698.jpg,trolley2,794.0,804.0,794.0,804.0,10.0,0.0,255.0,230.625,45.65625,0.03308296628425802,,,0.158935546875,0.158935546875,0.0009312629699707031,,0.0,0.0
110,110927,35,38.336224,Musashino_007_IchikawaOhno-FunabashiHoten_up_20240410_day,HD21,2024_0041_HD21_01_00004698.jpg,trolley2,794.0,804.0,794.0,804.0,10.0,0.0,254.0,233.875,42.375,0.03181223199961924,,,0.158935546875,0.158935546875,0.0009312629699707031,,0.0,0.0
110,110928,35,38.336225999999996,Musashino_007_IchikawaOhno-FunabashiHoten_up_20240410_day,HD21,2024_0041_HD21_01_00004698.jpg,trolley2,794.0,804.0,794.0,804.0,10.0,0.0,255.0,232.25,44.59375,0.03049693780335997,,,0.158935546875,0.158935546875,0.0009312629699707031,,0.0,0.0
110,110929,35,38.336228,Musashino_007_IchikawaOhno-FunabashiHoten_up_20240410_day,HD21,2024_0041_HD21_01_00004698.jpg,trolley2,794.0,804.0,794.0,804.0,10.0,0.0,253.0,231.0,44.25,0.029148821231701958,,,0.158935546875,0.158935546875,0.0009312629699707031,,0.0,0.0
110,110930,35,38.33623,Musashino_007_IchikawaOhno-FunabashiHoten_up_20240410_day,HD21,2024_0041_HD21_01_00004698.jpg,trolley2,795.0,804.0,794.0,804.0,10.0,0.0,255.0,231.5,43.65625,0.03051431149133999,,,0.158935546875,0.158935546875,0.0009312629699707031,,0.0,0.0
110,110931,35,38.336232,Musashino_007_IchikawaOhno-FunabashiHoten_up_20240410_day,HD21,2024_0041_HD21_01_00004698.jpg,trolley2,795.0,804.0,794.0,804.0,10.0,0.0,255.0,229.875,45.40625,0.0315736907889695,,,0.158935546875,0.158935546875,0.0009312629699707031,,0.0,0.0
110,110932,35,38.336234,Musashino_007_IchikawaOhno-FunabashiHoten_up_20240410_day,HD21,2024_0041_HD21_01_00004698.jpg,trolley2,795.0,804.0,794.0,804.0,10.0,0.0,255.0,227.875,47.34375,0.032352357991794534,,,0.158935546875,0.158935546875,0.0009312629699707031,,0.0,0.0
110,110933,35,38.336236,Musashino_007_IchikawaOhno-FunabashiHoten_up_20240410_day,HD21,2024_0041_HD21_01_00004698.jpg,trolley2,795.0,804.0,794.0,804.0,10.0,0.0,255.0,228.125,47.34375,0.03287465951065957,,,0.158935546875,0.158935546875,0.0009312629699707031,,0.0,0.0
110,110934,35,38.336238,Musashino_007_IchikawaOhno-FunabashiHoten_up_20240410_day,HD21,2024_0041_HD21_01_00004698.jpg,trolley2,795.0,804.0,794.0,804.0,10.0,0.0,253.0,227.625,46.4375,0.0331638633444767,,,0.158935546875,0.158935546875,0.0009312629699707031,,0.0,0.0
110,110935,35,38.33624,Musashino_007_IchikawaOhno-FunabashiHoten_up_20240410_day,HD21,2024_0041_HD21_01_00004698.jpg,trolley2,795.0,804.0,794.0,805.0,11.0,0.09999999999999136,254.0,219.625,54.59375,0.033242141670174016,,,0.158935546875,0.158935546875,0.0009312629699707031,,0.0,0.0
110,110936,35,38.336242,Musashino_007_IchikawaOhno-FunabashiHoten_up_20240410_day,HD21,2024_0041_HD21_01_00004698.jpg,trolley2,795.0,804.0,794.0,805.0,11.0,0.14070529413628305,255.0,218.375,54.46875,0.03313056120256827,,,0.158935546875,0.158935546875,0.0009312629699707031,,0.0,0.0
110,110937,35,38.336244,Musashino_007_IchikawaOhno-FunabashiHoten_up_20240410_day,HD21,2024_0041_HD21_01_00004698.jpg,trolley2,795.0,804.0,795.0,805.0,10.0,0.14070529413628305,255.0,227.0,48.15625,0.03284908058508695,,,0.158935546875,0.158935546875,0.0009312629699707031,,0.0,0.0
110,110938,35,38.336246,Musashino_007_IchikawaOhno-FunabashiHoten_up_20240410_day,HD21,2024_0041_HD21_01_00004698.jpg,trolley2,795.0,804.0,795.0,805.0,10.0,0.14070529413628305,255.0,226.0,48.78125,0.032416554109117715,,,0.158935546875,0.158935546875,0.0009312629699707031,,0.0,0.0
110,110939,35,38.336248,Musashino_007_IchikawaOhno-FunabashiHoten_up_20240410_day,HD21,2024_0041_HD21_01_00004698.jpg,trolley2,795.0,804.0,795.0,805.0,10.0,0.14070529413628305,255.0,226.375,48.15625,0.03185074109669521,,,0.158935546875,0.158935546875,0.0009312629699707031,,0.0,0.0
110,110940,35,38.33625,Musashino_007_IchikawaOhno-FunabashiHoten_up_20240410_day,HD21,2024_0041_HD21_01_00004698.jpg,trolley2,795.0,804.0,795.0,805.0,10.0,0.14070529413628305,255.0,226.875,47.375,0.031168320318050037,,,0.158935546875,0.158935546875,0.0009312629699707031,,0.0,0.0
110,110941,35,38.336252,Musashino_007_IchikawaOhno-FunabashiHoten_up_20240410_day,HD21,2024_0041_HD21_01_00004698.jpg,trolley2,795.0,804.0,795.0,805.0,10.0,0.14070529413628305,255.0,227.0,47.0625,0.03038490885204342,,,0.158935546875,0.158935546875,0.0009312629699707031,,0.0,0.0
110,110942,35,38.336254,Musashino_007_IchikawaOhno-FunabashiHoten_up_20240410_day,HD21,2024_0041_HD21_01_00004698.jpg,trolley2,795.0,804.0,795.0,805.0,10.0,0.14070529413628305,255.0,226.5,48.1875,0.029515084833525974,,,0.158935546875,0.158935546875,0.0009312629699707031,,0.0,0.0
110,110943,35,38.336256,Musashino_007_IchikawaOhno-FunabashiHoten_up_20240410_day,HD21,2024_0041_HD21_01_00004698.jpg,trolley2,795.0,804.0,795.0,805.0,10.0,0.14070529413628305,255.0,225.5,49.34375,0.028572413567053433,,,0.158935546875,0.158935546875,0.0009312629699707031,,0.0,0.0
110,110944,35,38.336258,Musashino_007_IchikawaOhno-FunabashiHoten_up_20240410_day,HD21,2024_0041_HD21_01_00004698.jpg,trolley2,795.0,804.0,795.0,805.0,10.0,0.14070529413628305,255.0,225.25,49.71875,0.027569476521019525,,,0.158935546875,0.158935546875,0.0009312629699707031,,0.0,0.0
110,110945,35,38.33626,Musashino_007_IchikawaOhno-FunabashiHoten_up_20240410_day,HD21,2024_0041_HD21_01_00004698.jpg,trolley2,795.0,804.0,795.0,805.0,10.0,0.14070529413628305,255.0,226.875,47.9375,0.026517902750033583,,,0.158935546875,0.158935546875,0.0009312629699707031,,0.0,0.0
110,110946,35,38.336262,Musashino_007_IchikawaOhno-FunabashiHoten_up_20240410_day,HD21,2024_0041_HD21_01_00004698.jpg,trolley2,795.0,805.0,795.0,805.0,10.0,0.14070529413628305,253.0,228.125,46.59375,0.028164110561219532,,,0.158935546875,0.158935546875,0.0009312629699707031,,0.0,0.0
110,110947,35,38.336264,Musashino_007_IchikawaOhno-FunabashiHoten_up_20240410_day,HD21,2024_0041_HD21_01_00004698.jpg,trolley2,795.0,804.0,795.0,805.0,10.0,0.14070529413628305,254.0,227.875,47.40625,0.026752750723918653,,,0.158935546875,0.158935546875,0.0009312629699707031,,0.0,0.0
110,110948,35,38.336266,Musashino_007_IchikawaOhno-FunabashiHoten_up_20240410_day,HD21,2024_0041_HD21_01_00004698.jpg,trolley2,795.0,804.0,795.0,805.0,10.0,0.14070529413628305,255.0,225.75,49.40625,0.025338844380637215,,,0.158935546875,0.158935546875,0.0009312629699707031,,0.0,0.0
110,110949,35,38.336268,Musashino_007_IchikawaOhno-FunabashiHoten_up_20240410_day,HD21,2024_0041_HD21_01_00004698.jpg,trolley2,795.0,804.0,795.0,805.0,10.0,0.14070529413628305,255.0,224.25,50.4375,0.023930387111299647,,,0.158935546875,0.158935546875,0.0009312629699707031,,0.0,0.0
110,110950,35,38.33627,Musashino_007_IchikawaOhno-FunabashiHoten_up_20240410_day,HD21,2024_0041_HD21_01_00004698.jpg,trolley2,795.0,805.0,795.0,805.0,10.0,0.14070529413628305,255.0,225.375,49.03125,0.025270238102749316,,,0.158935546875,0.158935546875,0.0009312629699707031,,0.0,0.0
110,110951,35,38.336272,Musashino_007_IchikawaOhno-FunabashiHoten_up_20240410_day,HD21,2024_0041_HD21_01_00004698.jpg,trolley2,795.0,805.0,795.0,805.0,10.0,0.14070529413628305,252.0,226.75,47.0,0.02633528348963427,,,0.158935546875,0.158935546875,0.0009312629699707031,,0.0,0.0
110,110952,35,38.336274,Musashino_007_IchikawaOhno-FunabashiHoten_up_20240410_day,HD21,2024_0041_HD21_01_00004698.jpg,trolley2,796.0,805.0,795.0,805.0,10.0,0.14070529413628305,255.0,223.5,48.90625,0.029883409104624042,,,0.158935546875,0.158935546875,0.0009312629699707031,,0.0,0.0
110,110953,35,38.336276,Musashino_007_IchikawaOhno-FunabashiHoten_up_20240410_day,HD21,2024_0041_HD21_01_00004698.jpg,trolley2,796.0,805.0,795.0,805.0,10.0,0.14070529413628305,255.0,222.5,50.03125,0.03290644756498029,,,0.158935546875,0.158935546875,0.0009312629699707031,,0.0,0.0
110,110954,35,38.336278,Musashino_007_IchikawaOhno-FunabashiHoten_up_20240410_day,HD21,2024_0041_HD21_01_00004698.jpg,trolley2,796.0,805.0,795.0,805.0,10.0,0.14070529413628305,254.0,220.125,51.6875,0.03544136917855352,,,0.158935546875,0.158935546875,0.0009312629699707031,,0.0,0.0
110,110955,35,38.33628,Musashino_007_IchikawaOhno-FunabashiHoten_up_20240410_day,HD21,2024_0041_HD21_01_00004698.jpg,trolley2,796.0,805.0,795.0,805.0,10.0,0.14070529413628305,253.0,221.5,50.71875,0.03752404737160914,,,0.158935546875,0.158935546875,0.0009312629699707031,,0.0,0.0
110,110956,35,38.336282,Musashino_007_IchikawaOhno-FunabashiHoten_up_20240410_day,HD21,2024_0041_HD21_01_00004698.jpg,trolley2,796.0,805.0,795.0,805.0,10.0,0.14070529413628305,254.0,222.5,49.125,0.039189174191439566,,,0.158935546875,0.158935546875,0.0009312629699707031,,0.0,0.0
110,110957,35,38.336284,Musashino_007_IchikawaOhno-FunabashiHoten_up_20240410_day,HD21,2024_0041_HD21_01_00004698.jpg,trolley2,796.0,805.0,795.0,805.0,10.0,0.14070529413628305,255.0,221.375,49.46875,0.04047019088375799,,,0.158935546875,0.158935546875,0.0009312629699707031,,0.0,0.0
110,110958,35,38.336286,Musashino_007_IchikawaOhno-FunabashiHoten_up_20240410_day,HD21,2024_0041_HD21_01_00004698.jpg,trolley2,796.0,805.0,795.0,805.0,10.0,0.14070529413628305,254.0,221.5,50.78125,0.041399232388471735,,,0.158935546875,0.158935546875,0.0009312629699707031,,0.0,0.0
110,110959,35,38.336288,Musashino_007_IchikawaOhno-FunabashiHoten_up_20240410_day,HD21,2024_0041_HD21_01_00004698.jpg,trolley2,796.0,805.0,795.0,805.0,10.0,0.14070529413628305,253.0,220.0,53.75,0.04200708463912494,,,0.158935546875,0.158935546875,0.0009312629699707031,,0.0,0.0
110,110960,35,38.33629,Musashino_007_IchikawaOhno-FunabashiHoten_up_20240410_day,HD21,2024_0041_HD21_01_00004698.jpg,trolley2,796.0,805.0,795.0,805.0,10.0,0.14070529413628305,255.0,221.125,51.65625,0.042323153594848326,,,0.158935546875,0.158935546875,0.0009312629699707031,,0.0,0.0
110,110961,35,38.336292,Musashino_007_IchikawaOhno-FunabashiHoten_up_20240410_day,HD21,2024_0041_HD21_01_00004698.jpg,trolley2,796.0,805.0,795.0,806.0,11.0,0.17144660799775946,254.0,209.5,62.0625,0.04237544497861916,,,0.158935546875,0.158935546875,0.0009312629699707031,,0.0,0.0
110,110962,35,38.336294,Musashino_007_IchikawaOhno-FunabashiHoten_up_20240410_day,HD21,2024_0041_HD21_01_00004698.jpg,trolley2,796.0,805.0,795.0,806.0,11.0,0.19694638556692698,254.0,208.25,61.75,0.042190553741627536,,,0.158935546875,0.158935546875,0.0009312629699707031,,0.0,0.0
110,110963,35,38.336296,Musashino_007_IchikawaOhno-FunabashiHoten_up_20240410_day,HD21,2024_0041_HD21_01_00004698.jpg,trolley2,796.0,805.0,796.0,806.0,10.0,0.19694638556692698,254.0,217.5,54.5625,0.0417936623202309,,,0.158935546875,0.158935546875,0.0009312629699707031,,0.0,0.0
110,110964,35,38.336298,Musashino_007_IchikawaOhno-FunabashiHoten_up_20240410_day,HD21,2024_0041_HD21_01_00004698.jpg,trolley2,796.0,805.0,796.0,806.0,10.0,0.19694638556692698,255.0,220.25,54.40625,0.04120854679899514,,,0.158935546875,0.158935546875,0.0009312629699707031,,0.0,0.0
110,110965,35,38.3363,Musashino_007_IchikawaOhno-FunabashiHoten_up_20240410_day,HD21,2024_0041_HD21_01_00004698.jpg,trolley2,796.0,805.0,796.0,806.0,10.0,0.19694638556692698,255.0,221.25,53.1875,0.040457590140409505,,,0.158935546875,0.158935546875,0.0009312629699707031,,0.0,0.0
110,110966,35,38.336301999999996,Musashino_007_IchikawaOhno-FunabashiHoten_up_20240410_day,HD21,2024_0041_HD21_01_00004698.jpg,trolley2,796.0,805.0,796.0,806.0,10.0,0.19694638556692698,255.0,219.875,52.625,0.039561801688736485,,,0.158935546875,0.158935546875,0.0009312629699707031,,0.0,0.0
110,110967,35,38.336304,Musashino_007_IchikawaOhno-FunabashiHoten_up_20240410_day,HD21,2024_0041_HD21_01_00004698.jpg,trolley2,796.0,805.0,796.0,806.0,10.0,0.19694638556692698,255.0,218.375,54.6875,0.0385408422019001,,,0.158935546875,0.158935546875,0.0009312629699707031,,0.0,0.0
110,110968,35,38.336306,Musashino_007_IchikawaOhno-FunabashiHoten_up_20240410_day,HD21,2024_0041_HD21_01_00004698.jpg,trolley2,797.0,805.0,796.0,806.0,10.0,0.19694638556692698,254.0,214.125,56.125,0.040148761946167406,,,0.158935546875,0.158935546875,0.0009312629699707031,,0.0,0.0
110,110969,35,38.336308,Musashino_007_IchikawaOhno-FunabashiHoten_up_20240410_day,HD21,2024_0041_HD21_01_00004698.jpg,trolley2,796.0,805.0,796.0,806.0,10.0,0.19694638556692698,255.0,221.0,53.1875,0.038637442885374455,,,0.158935546875,0.158935546875,0.0009312629699707031,,0.0,0.0
110,110970,35,38.33631,Musashino_007_IchikawaOhno-FunabashiHoten_up_20240410_day,HD21,2024_0041_HD21_01_00004698.jpg,trolley2,796.0,805.0,796.0,806.0,10.0,0.19694638556692698,255.0,218.125,56.53125,0.037068737868143256,,,0.158935546875,0.158935546875,0.0009312629699707031,,0.0,0.0
110,110971,35,38.336312,Musashino_007_IchikawaOhno-FunabashiHoten_up_20240410_day,HD21,2024_0041_HD21_01_00004698.jpg,trolley2,796.0,805.0,796.0,806.0,10.0,0.19694638556692698,255.0,220.25,54.53125,0.03545707802410746,,,0.158935546875,0.158935546875,0.0009312629699707031,,0.0,0.0
110,110972,35,38.336314,Musashino_007_IchikawaOhno-FunabashiHoten_up_20240410_day,HD21,2024_0041_HD21_01_00004698.jpg,trolley2,797.0,805.0,796.0,806.0,10.0,0.19694638556692698,255.0,215.125,55.5625,0.03655136709337082,,,0.158935546875,0.158935546875,0.0009312629699707031,,0.0,0.0
110,110973,35,38.336316,Musashino_007_IchikawaOhno-FunabashiHoten_up_20240410_day,HD21,2024_0041_HD21_01_00004698.jpg,trolley2,797.0,805.0,796.0,806.0,10.0,0.19694638556692698,255.0,218.625,53.71875,0.0373341515408114,,,0.158935546875,0.158935546875,0.0009312629699707031,,0.0,0.0
110,110974,35,38.336318,Musashino_007_IchikawaOhno-FunabashiHoten_up_20240410_day,HD21,2024_0041_HD21_01_00004698.jpg,trolley2,796.0,805.0,796.0,806.0,10.0,0.19694638556692698,255.0,220.875,52.46875,0.03509718502156368,,,0.158935546875,0.158935546875,0.0009312629699707031,,0.0,0.0
110,110975,35,38.33632,Musashino_007_IchikawaOhno-FunabashiHoten_up_20240410_day,HD21,2024_0041_HD21_01_00004698.jpg,trolley2,797.0,805.0,796.0,806.0,10.0,0.19694638556692698,254.0,221.5,51.09375,0.035631860326735515,,,0.158935546875,0.158935546875,0.0009312629699707031,,0.0,0.0
110,110976,35,38.336322,Musashino_007_IchikawaOhno-FunabashiHoten_up_20240410_day,HD21,2024_0041_HD21_01_00004698.jpg,trolley2,797.0,805.0,796.0,806.0,10.0,0.19694638556692698,255.0,219.875,51.0625,0.03591709116441631,,,0.158935546875,0.158935546875,0.0009312629699707031,,0.0,0.0
110,110977,35,38.336324,Musashino_007_IchikawaOhno-FunabashiHoten_up_20240410_day,HD21,2024_0041_HD21_01_00004698.jpg,trolley2,797.0,805.0,796.0,806.0,10.0,0.19694638556692698,255.0,221.125,49.65625,0.03597673731824347,,,0.158935546875,0.158935546875,0.0009312629699707031,,0.0,0.0
110,110978,35,38.336326,Musashino_007_IchikawaOhno-FunabashiHoten_up_20240410_day,HD21,2024_0041_HD21_01_00004698.jpg,trolley2,797.0,805.0,796.0,806.0,10.0,0.19694638556692698,255.0,221.25,48.9375,0.035833461335482396,,,0.158935546875,0.158935546875,0.0009312629699707031,,0.0,0.0
110,110979,35,38.336328,Musashino_007_IchikawaOhno-FunabashiHoten_up_20240410_day,HD21,2024_0041_HD21_01_00004698.jpg,trolley2,797.0,805.0,796.0,806.0,10.0,0.19694638556692698,255.0,219.375,51.0,0.0355087265388209,,,0.158935546875,0.158935546875,0.0009312629699707031,,0.0,0.0
110,110980,35,38.33633,Musashino_007_IchikawaOhno-FunabashiHoten_up_20240410_day,HD21,2024_0041_HD21_01_00004698.jpg,trolley2,797.0,805.0,796.0,806.0,10.0,0.19694638556692698,255.0,217.5,52.71875,0.03502280180223607,,,0.158935546875,0.158935546875,0.0009312629699707031,,0.0,0.0
110,110981,35,38.336332,Musashino_007_IchikawaOhno-FunabashiHoten_up_20240410_day,HD21,2024_0041_HD21_01_00004698.jpg,trolley2,797.0,805.0,796.0,806.0,10.0,0.19694638556692698,255.0,216.5,53.59375,0.03439477237548727,,,0.158935546875,0.158935546875,0.0009312629699707031,,0.0,0.0
110,110982,35,38.336334,Musashino_007_IchikawaOhno-FunabashiHoten_up_20240410_day,HD21,2024_0041_HD21_01_00004698.jpg,trolley2,797.0,805.0,796.0,806.0,10.0,0.19694638556692698,255.0,215.875,54.375,0.033642556081607114,,,0.158935546875,0.158935546875,0.0009312629699707031,,0.0,0.0
110,110983,35,38.336336,Musashino_007_IchikawaOhno-FunabashiHoten_up_20240410_day,HD21,2024_0041_HD21_01_00004698.jpg,trolley2,797.0,805.0,796.0,806.0,10.0,0.19694638556692698,255.0,214.625,55.5,0.03278292425121489,,,0.158935546875,0.158935546875,0.0009312629699707031,,0.0,0.0
110,110984,35,38.336338,Musashino_007_IchikawaOhno-FunabashiHoten_up_20240410_day,HD21,2024_0041_HD21_01_00004698.jpg,trolley2,797.0,805.0,796.0,806.0,10.0,0.19694638556692698,255.0,215.5,53.4375,0.03183152679639422,,,0.158935546875,0.158935546875,0.0009312629699707031,,0.0,0.0
110,110985,35,38.33634,Musashino_007_IchikawaOhno-FunabashiHoten_up_20240410_day,HD21,2024_0041_HD21_01_00004698.jpg,trolley2,797.0,805.0,796.0,806.0,10.0,0.19694638556692698,255.0,215.75,52.625,0.03080292086508765,,,0.158935546875,0.158935546875,0.0009312629699707031,,0.0,0.0
110,110986,35,38.336342,Musashino_007_IchikawaOhno-FunabashiHoten_up_20240410_day,HD21,2024_0041_HD21_01_00004698.jpg,trolley2,797.0,805.0,796.0,806.0,10.0,0.19694638556692698,255.0,216.75,52.84375,0.029710602554343834,,,0.158935546875,0.158935546875,0.0009312629699707031,,0.0,0.0
110,110987,35,38.336344,Musashino_007_IchikawaOhno-FunabashiHoten_up_20240410_day,HD21,2024_0041_HD21_01_00004698.jpg,trolley2,797.0,805.0,796.0,806.0,10.0,0.19694638556692698,255.0,217.625,52.53125,0.028567041197182824,,,0.158935546875,0.158935546875,0.0009312629699707031,,0.0,0.0
110,110988,35,38.336346,Musashino_007_IchikawaOhno-FunabashiHoten_up_20240410_day,HD21,2024_0041_HD21_01_00004698.jpg,trolley2,797.0,805.0,796.0,806.0,10.0,0.19694638556692698,254.0,217.375,51.875,0.027383715773205888,,,0.158935546875,0.158935546875,0.0009312629699707031,,0.0,0.0
110,110989,35,38.336348,Musashino_007_IchikawaOhno-FunabashiHoten_up_20240410_day,HD21,2024_0041_HD21_01_00004698.jpg,trolley2,797.0,805.0,796.0,806.0,10.0,0.19694638556692698,254.0,217.5,52.8125,0.026171153027308353,,,0.158935546875,0.158935546875,0.0009312629699707031,,0.0,0.0
110,110990,35,38.33635,Musashino_007_IchikawaOhno-FunabashiHoten_up_20240410_day,HD21,2024_0041_HD21_01_00004698.jpg,trolley2,797.0,805.0,796.0,806.0,10.0,0.19694638556692698,255.0,217.0,54.5,0.024938966913858912,,,0.158935546875,0.158935546875,0.0009312629699707031,,0.0,0.0
110,110991,35,38.336352,Musashino_007_IchikawaOhno-FunabashiHoten_up_20240410_day,HD21,2024_0041_HD21_01_00004698.jpg,trolley2,797.0,805.0,796.0,806.0,10.0,0.19694638556692698,253.0,216.125,54.9375,0.0236958990154597,,,0.158935546875,0.158935546875,0.0009312629699707031,,0.0,0.0
110,110992,35,38.336354,Musashino_007_IchikawaOhno-FunabashiHoten_up_20240410_day,HD21,2024_0041_HD21_01_00004698.jpg,trolley2,797.0,806.0,796.0,806.0,10.0,0.19694638556692698,255.0,214.5,54.1875,0.02518556785088087,,,0.158935546875,0.158935546875,0.0009312629699707031,,0.0,0.0
110,110993,35,38.336356,Musashino_007_IchikawaOhno-FunabashiHoten_up_20240410_day,HD21,2024_0041_HD21_01_00004698.jpg,trolley2,797.0,806.0,796.0,806.0,10.0,0.19694638556692698,255.0,219.125,52.0,0.026385626702967832,,,0.158935546875,0.158935546875,0.0009312629699707031,,0.0,0.0
110,110994,35,38.336358,Musashino_007_IchikawaOhno-FunabashiHoten_up_20240410_day,HD21,2024_0041_HD21_01_00004698.jpg,trolley2,797.0,806.0,796.0,806.0,10.0,0.19694638556692698,254.0,219.75,50.875,0.02731902313986236,,,0.158935546875,0.158935546875,0.0009312629699707031,,0.0,0.0
110,110995,35,38.33636,Musashino_007_IchikawaOhno-FunabashiHoten_up_20240410_day,HD21,2024_0041_HD21_01_00004698.jpg,trolley2,797.0,806.0,796.0,806.0,10.0,0.19694638556692698,255.0,221.375,51.4375,0.028007825208816884,,,0.158935546875,0.158935546875,0.0009312629699707031,,0.0,0.0
110,110996,35,38.336362,Musashino_007_IchikawaOhno-FunabashiHoten_up_20240410_day,HD21,2024_0041_HD21_01_00004698.jpg,trolley2,797.0,806.0,796.0,806.0,10.0,0.19694638556692698,255.0,221.875,52.65625,0.02847319032297911,,,0.158935546875,0.158935546875,0.0009312629699707031,,0.0,0.0
110,110997,35,38.336364,Musashino_007_IchikawaOhno-FunabashiHoten_up_20240410_day,HD21,2024_0041_HD21_01_00004698.jpg,trolley2,797.0,806.0,796.0,806.0,10.0,0.19694638556692698,252.0,219.75,54.28125,0.028735342301322374,,,0.158935546875,0.158935546875,0.0009312629699707031,,0.0,0.0
110,110998,35,38.336366,Musashino_007_IchikawaOhno-FunabashiHoten_up_20240410_day,HD21,2024_0041_HD21_01_00004698.jpg,trolley2,797.0,806.0,796.0,806.0,10.0,0.19694638556692698,255.0,220.125,55.0625,0.028813555856476856,,,0.158935546875,0.158935546875,0.0009312629699707031,,0.0,0.0
110,110999,35,38.336368,Musashino_007_IchikawaOhno-FunabashiHoten_up_20240410_day,HD21,2024_0041_HD21_01_00004698.jpg,trolley2,797.0,806.0,797.0,807.0,10.0,0.19694638556692698,255.0,219.375,52.71875,0.028726147856328595,,,0.158935546875,0.158935546875,0.0009312629699707031,,0.0,0.0
